Player,Innings Fielded,Fielding Dismissals Made,Catches Taken,Stumpings Made,Catches As A Keeper,Catches As A Fielder,Max Dismissals In An Innings,Dismissals Per Innings,Country
AJ Stewart (1990-2003),231,277,263,14,227,36,6 (6ct 0st),1.199,England
APE Knott (1967-1981),174,269,250,19,250,0,5 (4ct 1st),1.545,England
MJ Prior (2007-2014),146,256,243,13,243,0,6 (6ct 0st),1.753,England
TG Evans (1946-1959),175,219,173,46,173,0,4 (4ct 0st),1.251,England
AN Cook (2006-2018),300,175,175,0,0,175,3 (3ct 0st),0.583,England
RW Taylor (1971-1984),106,174,167,7,167,0,7 (7ct 0st),1.641,England
JM Bairstow (2012-2018),112,166,157,9,147,10,6 (6ct 0st),1.482,England
RC Russell (1988-1998),96,165,153,12,153,0,6 (6ct 0st),1.718,England
GO Jones (2004-2006),66,133,128,5,128,0,6 (6ct 0st),2.015,England
AJ Strauss (2004-2012),189,121,121,0,0,121,3 (3ct 0st),0.64,England
IT Botham (1977-1992),179,120,120,0,0,120,3 (3ct 0st),0.67,England
MC Cowdrey (1954-1975),214,120,120,0,0,120,3 (3ct 0st),0.56,England
JM Parks (1954-1968),86,114,103,11,101,2,5 (5ct 0st),1.325,England
WR Hammond (1927-1947),154,110,110,0,0,110,3 (3ct 0st),0.714,England
GP Thorpe (1993-2005),179,105,105,0,0,105,4 (4ct 0st),0.586,England
GA Gooch (1975-1995),211,103,103,0,0,103,3 (3ct 0st),0.488,England
IR Bell (2004-2015),223,100,100,0,0,100,3 (3ct 0st),0.448,England
LEG Ames (1929-1939),87,97,74,23,72,2,4 (4ct 0st),1.114,England
PD Collingwood (2003-2011),124,96,96,0,1,95,4 (4ct 0st),0.774,England
ME Trescothick (2000-2006),139,95,95,0,0,95,4 (4ct 0st),0.683,England
AFA Lilley (1896-1909),67,92,70,22,70,0,4 (4ct 0st),1.373,England
GA Hick (1991-2001),115,90,90,0,0,90,4 (4ct 0st),0.782,England
JM Anderson (2003-2018),274,87,87,0,0,87,3 (3ct 0st),0.317,England
AW Greig (1972-1977),107,87,87,0,0,87,4 (4ct 0st),0.813,England
JE Root (2012-2018),145,85,85,0,0,85,4 (4ct 0st),0.586,England
MA Atherton (1989-2001),200,83,83,0,0,83,3 (3ct 0st),0.415,England
TW Graveney (1951-1969),152,80,80,0,2,78,3 (3ct 0st),0.526,England
PR Downton (1981-1988),51,75,70,5,70,0,4 (4ct 0st),1.47,England
AJ Lamb (1982-1992),146,75,75,0,0,75,4 (4ct 0st),0.513,England
DI Gower (1978-1992),211,74,74,0,0,74,3 (3ct 0st),0.35,England
H Strudwick (1910-1926),50,73,61,12,61,0,4 (2ct 2st),1.46,England
N Hussain (1990-2004),165,67,67,0,0,67,3 (3ct 0st),0.406,England
FS Trueman (1952-1965),128,64,64,0,0,64,3 (3ct 0st),0.5,England
FE Woolley (1909-1934),113,64,64,0,1,63,4 (4ct 0st),0.566,England
JC Buttler (2014-2018),53,63,63,0,50,13,5 (5ct 0st),1.188,England
KP Pietersen (2005-2014),193,62,62,0,0,62,3 (3ct 0st),0.321,England
MA Butcher (1997-2004),122,61,61,0,0,61,3 (3ct 0st),0.5,England
G Duckworth (1924-1936),43,60,45,15,45,0,4 (4ct 0st),1.395,England
W Rhodes (1899-1930),110,60,60,0,0,60,4 (4ct 0st),0.545,England
MW Gatting (1978-1995),135,59,59,0,0,59,3 (3ct 0st),0.437,England
GAR Lock (1952-1968),93,59,59,0,0,59,3 (3ct 0st),0.634,England
KF Barrington (1955-1968),153,58,58,0,0,58,3 (3ct 0st),0.379,England
L Hutton (1937-1955),147,57,57,0,0,57,3 (3ct 0st),0.387,England
JT Murray (1961-1967),38,55,52,3,52,0,6 (6ct 0st),1.447,England
KWR Fletcher (1968-1982),106,54,54,0,0,54,3 (3ct 0st),0.509,England
CMW Read (1999-2007),26,54,48,6,48,0,6 (6ct 0st),2.076,England
GP Swann (2008-2013),113,54,54,0,0,54,3 (3ct 0st),0.477,England
MJK Smith (1958-1972),91,53,53,0,0,53,3 (3ct 0st),0.582,England
JM Brearley (1976-1981),75,52,52,0,0,52,3 (3ct 0st),0.693,England
A Flintoff (1998-2009),142,52,52,0,0,52,3 (3ct 0st),0.366,England
DCS Compton (1937-1957),146,49,49,0,0,49,2 (2ct 0st),0.335,England
SJ Rhodes (1994-1995),22,49,46,3,46,0,4 (4ct 0st),2.227,England
BA Stokes (2013-2018),93,49,49,0,0,49,3 (3ct 0st),0.526,England
R Illingworth (1958-1973),115,45,45,0,0,45,3 (3ct 0st),0.391,England
DL Underwood (1966-1982),157,44,44,0,0,44,3 (3ct 0st),0.28,England
MP Vaughan (1999-2008),150,44,44,0,0,44,3 (3ct 0st),0.293,England
JH Edrich (1963-1976),145,43,43,0,0,43,2 (2ct 0st),0.296,England
PH Edmonds (1975-1987),91,42,42,0,0,42,4 (4ct 0st),0.461,England
PBH May (1951-1961),127,42,42,0,0,42,4 (4ct 0st),0.33,England
PH Parfitt (1961-1972),73,42,42,0,0,42,4 (4ct 0st),0.575,England
SCJ Broad (2007-2018),232,40,40,0,0,40,2 (2ct 0st),0.172,England
LC Braund (1901-1908),44,39,39,0,0,39,4 (4ct 0st),0.886,England
WJ Edrich (1938-1955),70,39,39,0,0,39,3 (3ct 0st),0.557,England
BN French (1986-1988),25,39,38,1,38,0,4 (4ct 0st),1.56,England
WG Grace (1880-1899),42,39,39,0,1,38,3 (3ct 0st),0.928,England
MR Ramprakash (1991-2002),93,39,39,0,0,39,3 (3ct 0st),0.419,England
RA Smith (1988-1996),110,39,39,0,0,39,3 (3ct 0st),0.354,England
RGD Willis (1971-1984),165,39,39,0,0,39,2 (2ct 0st),0.236,England
GRJ Roope (1973-1978),37,35,35,0,0,35,3 (3ct 0st),0.945,England
FJ Titmus (1955-1975),100,35,35,0,0,35,2 (2ct 0st),0.35,England
JE Emburey (1978-1995),109,34,34,0,0,34,2 (2ct 0st),0.311,England
G Boycott (1964-1982),193,33,33,0,0,33,2 (2ct 0st),0.17,England
AF Giles (1998-2006),99,33,33,0,0,33,2 (2ct 0st),0.333,England
EH Hendren (1920-1935),92,33,33,0,0,33,2 (2ct 0st),0.358,England
TE Bailey (1949-1959),118,32,32,0,0,32,2 (2ct 0st),0.271,England
APF Chapman (1924-1931),46,32,32,0,0,32,4 (4ct 0st),0.695,England
MM Ali (2014-2018),103,31,31,0,0,31,2 (2ct 0st),0.3,England
TR Ambrose (2008-2009),21,31,31,0,31,0,3 (3ct 0st),1.476,England
JT Ikin (1946-1955),32,31,31,0,0,31,3 (3ct 0st),0.968,England
DW Randall (1977-1984),88,31,31,0,0,31,2 (2ct 0st),0.352,England
H Verity (1931-1939),75,30,30,0,0,30,2 (2ct 0st),0.4,England
JP Crawley (1994-2003),65,29,29,0,0,29,2 (2ct 0st),0.446,England
ER Dexter (1958-1968),116,29,29,0,0,29,2 (2ct 0st),0.25,England
BL D'Oliveira (1966-1972),83,29,29,0,0,29,3 (3ct 0st),0.349,England
AC MacLaren (1894-1909),64,29,29,0,0,29,2 (2ct 0st),0.453,England
A Shrewsbury snr (1881-1893),42,29,29,0,0,29,3 (3ct 0st),0.69,England
IJL Trott (2009-2015),99,29,29,0,0,29,2 (2ct 0st),0.292,England
MH Denness (1969-1975),50,28,28,0,0,28,2 (2ct 0st),0.56,England
GA Lohmann (1886-1896),36,28,28,0,0,28,3 (3ct 0st),0.777,England
JB Statham (1951-1965),134,28,28,0,0,28,2 (2ct 0st),0.208,England
AV Bedser (1946-1955),93,26,26,0,0,26,2 (2ct 0st),0.279,England
DR Jardine (1928-1934),42,26,26,0,0,26,3 (3ct 0st),0.619,England
NV Knight (1995-2001),31,26,26,0,0,26,4 (4ct 0st),0.838,England
R Swetman (1959-1960),19,26,24,2,24,0,4 (4ct 0st),1.368,England
M Hendrick (1974-1981),56,25,25,0,0,25,3 (3ct 0st),0.446,England
CC Lewis (1990-1996),58,25,25,0,0,25,2 (2ct 0st),0.431,England
DL Amiss (1966-1977),90,24,24,0,0,24,2 (2ct 0st),0.266,England
DB Close (1949-1976),44,24,24,0,0,24,3 (3ct 0st),0.545,England
MJ Hoggard (2000-2008),125,24,24,0,0,24,2 (2ct 0st),0.192,England
H Sutcliffe (1924-1935),96,23,23,0,0,23,3 (3ct 0st),0.239,England
GS Ballance (2014-2017),46,22,22,0,0,22,3 (3ct 0st),0.478,England
FR Brown (1931-1953),40,22,22,0,0,22,2 (2ct 0st),0.55,England
CM Old (1972-1981),84,22,22,0,0,22,2 (2ct 0st),0.261,England
RW Barber (1960-1968),49,21,21,0,0,21,2 (2ct 0st),0.428,England
AR Caddick (1993-2003),106,21,21,0,0,21,2 (2ct 0st),0.198,England
CJ Richards (1986-1988),15,21,20,1,20,0,5 (5ct 0st),1.4,England
GOB Allen (1930-1948),47,20,20,0,0,20,2 (2ct 0st),0.425,England
AC Smith (1962-1963),12,20,20,0,20,0,3 (3ct 0st),1.666,England
EJ Smith (1911-1913),20,20,17,3,16,1,3 (3ct 0st),1,England
CJ Tavare (1980-1989),56,20,20,0,0,20,1 (1ct 0st),0.357,England
W Barnes (1880-1890),40,19,19,0,0,19,3 (3ct 0st),0.475,England
TW Hayward (1896-1909),67,19,19,0,0,19,2 (2ct 0st),0.283,England
G Ulyett (1877-1890),47,19,19,0,0,19,3 (3ct 0st),0.404,England
DG Cork (1995-2002),65,18,18,0,0,18,2 (2ct 0st),0.276,England
JS Foster (2001-2002),13,18,17,1,17,0,5 (5ct 0st),1.384,England
GH Hirst (1897-1909),44,18,18,0,0,18,2 (2ct 0st),0.409,England
CB Fry (1896-1912),47,17,17,0,0,17,2 (2ct 0st),0.361,England
JB Hobbs (1908-1930),110,17,17,0,0,17,2 (2ct 0st),0.154,England
G MacGregor (1890-1893),15,17,14,3,14,0,3 (3ct 0st),1.133,England
G Miller (1976-1984),62,17,17,0,0,17,2 (2ct 0st),0.274,England
R Peel (1884-1896),38,17,17,0,0,17,2 (2ct 0st),0.447,England
PJ Sharpe (1963-1969),24,17,17,0,0,17,2 (2ct 0st),0.708,England
AJ Watkins (1948-1952),26,17,17,0,0,17,3 (3ct 0st),0.653,England
WW Read (1882-1893),35,16,16,0,0,16,2 (2ct 0st),0.457,England
JA Snow (1965-1976),93,16,16,0,0,16,2 (2ct 0st),0.172,England
JT Tyldesley (1899-1909),59,16,16,0,0,16,1 (1ct 0st),0.271,England
RES Wyatt (1927-1937),74,16,16,0,0,16,2 (2ct 0st),0.216,England
G Gunn (1907-1930),30,15,15,0,0,15,2 (2ct 0st),0.5,England
KK Jennings (2016-2018),28,15,15,0,0,15,4 (4ct 0st),0.535,England
AO Jones (1899-1909),23,15,15,0,0,15,2 (2ct 0st),0.652,England
H Larwood (1926-1933),38,15,15,0,0,15,4 (4ct 0st),0.394,England
G Millman (1961-1962),12,15,13,2,13,0,4 (2ct 2st),1.25,England
PI Pocock (1968-1985),46,15,15,0,0,15,3 (3ct 0st),0.326,England
W Voce (1930-1947),51,15,15,0,0,15,2 (2ct 0st),0.294,England
RG Barlow (1881-1887),31,14,14,0,0,14,2 (2ct 0st),0.451,England
CJ Barnett (1933-1948),39,14,14,0,0,14,2 (2ct 0st),0.358,England
PAJ DeFreitas (1986-1995),78,14,14,0,0,14,2 (2ct 0st),0.179,England
PGH Fender (1921-1929),23,14,14,0,0,14,2 (2ct 0st),0.608,England
CJ Jordan (2014-2015),16,14,14,0,0,14,3 (3ct 0st),0.875,England
BR Knight (1961-1969),55,14,14,0,0,14,2 (2ct 0st),0.254,England
BW Luckhurst (1970-1974),39,14,14,0,0,14,2 (2ct 0st),0.358,England
R Pilling (1881-1888),14,14,10,4,10,0,3 (1ct 2st),1,England
AE Relf (1903-1914),25,14,14,0,0,14,2 (2ct 0st),0.56,England
C White (1994-2002),53,14,14,0,0,14,3 (3ct 0st),0.264,England
NWD Yardley (1938-1950),36,14,14,0,0,14,2 (2ct 0st),0.388,England
R Abel (1888-1902),26,13,13,0,0,13,3 (3ct 0st),0.5,England
CWJ Athey (1980-1988),38,13,13,0,0,13,2 (2ct 0st),0.342,England
DL Bairstow (1979-1981),7,13,12,1,12,0,4 (4ct 0st),1.857,England
JN Crawford (1906-1908),23,13,13,0,0,13,3 (3ct 0st),0.565,England
RE Foster (1903-1907),16,13,13,0,0,13,2 (2ct 0st),0.812,England
G Geary (1924-1934),24,13,13,0,0,13,2 (2ct 0st),0.541,England
D Gough (1994-2003),99,13,13,0,0,13,2 (2ct 0st),0.131,England
JW Hearne (1911-1926),42,13,13,0,0,13,2 (2ct 0st),0.309,England
M Leyland (1928-1938),75,13,13,0,0,13,2 (2ct 0st),0.173,England
KS Ranjitsinhji (1896-1902),26,13,13,0,0,13,2 (2ct 0st),0.5,England
SF Barnes (1901-1914),52,12,12,0,0,12,2 (2ct 0st),0.23,England
J Briggs (1884-1899),63,12,12,0,0,12,2 (2ct 0st),0.19,England
G Brown (1921-1923),12,12,9,3,9,0,3 (1ct 2st),1,England
JC Laker (1948-1959),91,12,12,0,0,12,1 (1ct 0st),0.131,England
RWV Robins (1929-1937),38,12,12,0,0,12,3 (3ct 0st),0.315,England
Rev.DS Sheppard (1950-1963),42,12,12,0,0,12,1 (1ct 0st),0.285,England
RT Spooner (1951-1955),12,12,10,2,10,0,3 (2ct 1st),1,England
PCR Tufnell (1990-2001),74,12,12,0,0,12,1 (1ct 0st),0.162,England
JH Wardle (1948-1957),56,12,12,0,0,12,3 (3ct 0st),0.214,England
C Washbrook (1937-1956),69,12,12,0,0,12,2 (2ct 0st),0.173,England
CR Woakes (2013-2018),49,12,12,0,0,12,2 (2ct 0st),0.244,England
JH Board (1899-1906),11,11,8,3,8,0,2 (2ct 0st),1,England
Harry Elliott (1928-1934),8,11,8,3,8,0,3 (3ct 0st),1.375,England
FR Foster (1911-1912),20,11,11,0,0,11,2 (2ct 0st),0.55,England
J Hunter (1884-1885),10,11,8,3,8,0,4 (2ct 2st),1.1,England
GL Jessop (1899-1912),34,11,11,0,0,11,2 (2ct 0st),0.323,England
RWT Key (2002-2005),27,11,11,0,0,11,2 (2ct 0st),0.407,England
JK Lever (1976-1986),38,11,11,0,0,11,1 (1ct 0st),0.289,England
P Lever (1970-1975),31,11,11,0,0,11,2 (2ct 0st),0.354,England
D Lloyd (1974-1975),18,11,11,0,0,11,3 (3ct 0st),0.611,England
DJ Malan (2017-2018),27,11,11,0,0,11,2 (2ct 0st),0.407,England
EJG Morgan (2010-2012),32,11,11,0,0,11,2 (2ct 0st),0.343,England
MS Nichols (1930-1939),24,11,11,0,0,11,2 (2ct 0st),0.458,England
H Philipson (1892-1895),9,11,8,3,8,0,3 (1ct 2st),1.222,England
W Storer (1897-1899),10,11,11,0,11,0,3 (3ct 0st),1.1,England
MW Tate (1924-1935),68,11,11,0,0,11,2 (2ct 0st),0.161,England
A Wood (1938-1939),7,11,10,1,10,0,2 (2ct 0st),1.571,England
DA Allen (1960-1966),69,10,10,0,0,10,2 (2ct 0st),0.144,England
BC Broad (1984-1989),41,10,10,0,0,10,2 (2ct 0st),0.243,England
RDB Croft (1996-2001),35,10,10,0,0,10,2 (2ct 0st),0.285,England
GR Dilley (1979-1989),66,10,10,0,0,10,2 (2ct 0st),0.151,England
KS Duleepsinhji (1929-1931),17,10,10,0,0,10,2 (2ct 0st),0.588,England
BT Foakes (2018-2018),6,10,8,2,8,0,3 (3ct 0st),1.666,England
G Fowler (1982-1985),39,10,10,0,0,10,1 (1ct 0st),0.256,England
Hon.FS Jackson (1893-1905),36,10,10,0,0,10,2 (2ct 0st),0.277,England
MD Moxon (1986-1989),16,10,10,0,0,10,3 (3ct 0st),0.625,England
MS Panesar (2006-2013),90,10,10,0,0,10,1 (1ct 0st),0.111,England
DR Pringle (1982-1992),56,10,10,0,0,10,2 (2ct 0st),0.178,England
EFS Tylecote (1882-1886),12,10,5,5,5,0,3 (1ct 2st),0.833,England
RA Woolmer (1975-1981),36,10,10,0,0,10,2 (2ct 0st),0.277,England
DVP Wright (1938-1951),62,10,10,0,0,10,2 (2ct 0st),0.161,England
GG Arnold (1967-1975),61,9,9,0,0,9,2 (2ct 0st),0.147,England
W Attewell (1884-1892),20,9,9,0,0,9,2 (2ct 0st),0.45,England
W Bates (1881-1887),29,9,9,0,0,9,1 (1ct 0st),0.31,England
BJT Bosanquet (1903-1905),13,9,9,0,0,9,2 (2ct 0st),0.692,England
G Cook (1982-1983),13,9,9,0,0,9,2 (2ct 0st),0.692,England
NG Cowans (1982-1985),36,9,9,0,0,9,1 (1ct 0st),0.25,England
JWHT Douglas (1911-1925),42,9,9,0,0,9,3 (3ct 0st),0.214,England
T Emmett (1877-1882),13,9,9,0,0,9,3 (3ct 0st),0.692,England
ARC Fraser (1989-1998),80,9,9,0,0,9,2 (2ct 0st),0.112,England
JH Hampshire (1969-1975),16,9,9,0,0,9,2 (2ct 0st),0.562,England
J Hardstaff jnr (1935-1948),44,9,9,0,0,9,1 (1ct 0st),0.204,England
KL Hutchings (1907-1909),14,9,9,0,0,9,2 (2ct 0st),0.642,England
RA Hutton (1971-1971),9,9,9,0,0,9,2 (2ct 0st),1,England
A Mitchell (1933-1936),12,9,9,0,0,9,2 (2ct 0st),0.75,England
GC Small (1986-1991),32,9,9,0,0,9,2 (2ct 0st),0.281,England
RT Stanyforth (1927-1928),8,9,7,2,7,0,3 (3ct 0st),1.125,England
GTS Stevens (1922-1930),19,9,9,0,0,9,2 (2ct 0st),0.473,England
EG Arnold (1903-1907),19,8,8,0,0,8,2 (2ct 0st),0.421,England
JG Binks (1964-1964),4,8,8,0,8,0,5 (5ct 0st),2,England
TT Bresnan (2009-2013),43,8,8,0,0,8,1 (1ct 0st),0.186,England
WL Cornford (1930-1930),6,8,5,3,5,0,3 (2ct 1st),1.333,England
D Denton (1905-1910),21,8,8,0,0,8,2 (2ct 0st),0.38,England
ST Finn (2010-2016),68,8,8,0,0,8,2 (2ct 0st),0.117,England
N Gifford (1964-1973),27,8,8,0,0,8,1 (1ct 0st),0.296,England
S Haigh (1899-1912),19,8,8,0,0,8,2 (2ct 0st),0.421,England
AD Hales (2015-2016),21,8,8,0,0,8,2 (2ct 0st),0.38,England
WK Hegg (1998-1999),4,8,8,0,8,0,3 (3ct 0st),2,England
RNS Hobbs (1967-1971),12,8,8,0,0,8,2 (2ct 0st),0.666,England
DJ Insole (1950-1957),18,8,8,0,0,8,3 (3ct 0st),0.444,England
W Larkins (1980-1991),22,8,8,0,0,8,2 (2ct 0st),0.363,England
A Lyth (2015-2015),13,8,8,0,0,8,2 (2ct 0st),0.615,England
AJW McIntyre (1950-1955),5,8,8,0,7,1,3 (3ct 0st),1.6,England
JM Read (1882-1893),33,8,8,0,0,8,1 (1ct 0st),0.242,England
RT Robinson (1984-1989),49,8,8,0,0,8,1 (1ct 0st),0.163,England
CAG Russell (1920-1923),16,8,8,0,0,8,3 (3ct 0st),0.5,England
GB Studd (1882-1883),8,8,8,0,0,8,3 (3ct 0st),1,England
R Tattersall (1951-1954),30,8,8,0,0,8,2 (2ct 0st),0.266,England
JM Vince (2016-2018),24,8,8,0,0,8,2 (2ct 0st),0.333,England
W Watson (1951-1959),44,8,8,0,0,8,1 (1ct 0st),0.181,England
TS Worthington (1930-1937),15,8,8,0,0,8,1 (1ct 0st),0.533,England
WE Astill (1927-1930),18,7,7,0,0,7,1 (1ct 0st),0.388,England
Hon.IFW Bligh (1882-1883),8,7,7,0,0,7,2 (2ct 0st),0.875,England
DJ Brown (1965-1969),46,7,7,0,0,7,2 (2ct 0st),0.152,England
JT Brown (1894-1899),15,7,7,0,1,6,1 (1ct 0st),0.466,England
MA Carberry (2010-2014),12,7,7,0,0,7,1 (1ct 0st),0.583,England
NRD Compton (2012-2016),29,7,7,0,0,7,2 (2ct 0st),0.241,England
JF Crapp (1948-1949),13,7,7,0,0,7,2 (2ct 0st),0.538,England
W Farrimond (1931-1935),8,7,5,2,5,0,2 (0ct 2st),0.875,England
NA Foster (1983-1993),50,7,7,0,0,7,1 (1ct 0st),0.14,England
SJ Harmison (2002-2009),113,7,7,0,0,7,1 (1ct 0st),0.061,England
FC Hayes (1973-1976),15,7,7,0,0,7,2 (2ct 0st),0.466,England
DW Headley (1997-1999),25,7,7,0,0,7,1 (1ct 0st),0.28,England
J Humphries (1908-1908),6,7,7,0,7,0,3 (3ct 0st),1.166,England
DE Malcolm (1989-1997),73,7,7,0,0,7,1 (1ct 0st),0.095,England
C Milburn (1966-1969),14,7,7,0,0,7,2 (2ct 0st),0.5,England
ASM Oakman (1956-1956),4,7,7,0,0,7,3 (3ct 0st),1.75,England
E Paynter (1931-1939),37,7,7,0,0,7,1 (1ct 0st),0.189,England
JSE Price (1964-1972),28,7,7,0,0,7,2 (2ct 0st),0.25,England
M Sherwin (1887-1888),6,7,5,2,5,0,4 (2ct 2st),1.166,England
DS Steele (1975-1976),16,7,7,0,0,7,2 (2ct 0st),0.437,England
JWA Taylor (2012-2016),13,7,7,0,0,7,2 (2ct 0st),0.538,England
WW Whysall (1925-1930),7,7,7,0,0,7,2 (2ct 0st),1,England
CJ Adams (1999-2000),7,6,6,0,0,6,3 (3ct 0st),0.857,England
C Blythe (1901-1910),37,6,6,0,0,6,1 (1ct 0st),0.162,England
RS Bopara (2007-2012),20,6,6,0,0,6,2 (2ct 0st),0.3,England
W Brockwell (1893-1899),13,6,6,0,0,6,1 (1ct 0st),0.461,England
DJ Capel (1987-1990),24,6,6,0,0,6,2 (2ct 0st),0.25,England
FL Fane (1906-1910),27,6,6,0,0,6,1 (1ct 0st),0.222,England
R Kilner (1924-1926),13,6,6,0,0,6,2 (2ct 0st),0.461,England
James Langridge (1933-1946),15,6,6,0,0,6,2 (2ct 0st),0.4,England
PJ Martin (1995-1997),13,6,6,0,0,6,1 (1ct 0st),0.461,England
AD Mullally (1996-2001),34,6,6,0,0,6,1 (1ct 0st),0.176,England
PE Richardson (1956-1963),65,6,6,0,0,6,1 (1ct 0st),0.092,England
JDB Robertson (1947-1952),19,6,6,0,0,6,1 (1ct 0st),0.315,England
JM Sims (1935-1937),8,6,6,0,0,6,3 (3ct 0st),0.75,England
MJ Stewart (1962-1964),16,6,6,0,0,6,2 (2ct 0st),0.375,England
AE Stoddart (1888-1898),29,6,6,0,0,6,1 (1ct 0st),0.206,England
Lord Tennyson (1913-1921),16,6,6,0,0,6,2 (2ct 0st),0.375,England
CF Walters (1933-1934),21,6,6,0,0,6,2 (2ct 0st),0.285,England
JC White (1921-1931),29,6,6,0,0,6,1 (1ct 0st),0.206,England
B Wood (1972-1978),23,6,6,0,0,6,2 (2ct 0st),0.26,England
GEC Wood (1924-1924),6,6,5,1,5,0,2 (2ct 0st),1,England
RA Young (1907-1908),4,6,6,0,6,0,2 (2ct 0st),1.5,England
MC Bird (1910-1914),20,5,5,0,0,5,3 (3ct 0st),0.25,England
NGB Cook (1983-1989),25,5,5,0,0,5,2 (2ct 0st),0.2,England
CS Cowdrey (1984-1988),12,5,5,0,0,5,2 (2ct 0st),0.416,England
NF Druce (1897-1898),8,5,5,0,1,4,2 (2ct 0st),0.625,England
AE Fagg (1936-1939),10,5,5,0,0,5,2 (2ct 0st),0.5,England
FGJ Ford (1894-1895),9,5,5,0,0,5,2 (2ct 0st),0.555,England
SC Griffith (1948-1949),6,5,5,0,5,0,3 (3ct 0st),0.833,England
W Gunn (1887-1899),21,5,5,0,0,5,2 (2ct 0st),0.238,England
EE Hemmings (1982-1991),28,5,5,0,0,5,1 (1ct 0st),0.178,England
RK Illingworth (1991-1995),14,5,5,0,0,5,2 (2ct 0st),0.357,England
VWC Jupp (1921-1928),15,5,5,0,0,5,1 (1ct 0st),0.333,England
AS Kennedy (1922-1923),9,5,5,0,0,5,2 (2ct 0st),0.555,England
D Kenyon (1951-1955),15,5,5,0,0,5,2 (2ct 0st),0.333,England
JDF Larter (1962-1965),20,5,5,0,0,5,2 (2ct 0st),0.25,England
FA Lowson (1951-1955),12,5,5,0,0,5,2 (2ct 0st),0.416,England
GG Macaulay (1923-1933),14,5,5,0,0,5,1 (1ct 0st),0.357,England
WE Midwinter (1881-1882),7,5,5,0,0,5,2 (2ct 0st),0.714,England
CA Milton (1958-1959),12,5,5,0,0,5,2 (2ct 0st),0.416,England
GAE Paine (1935-1935),7,5,5,0,0,5,2 (2ct 0st),0.714,England
IAR Peebles (1927-1931),21,5,5,0,0,5,1 (1ct 0st),0.238,England
T Richardson (1893-1898),25,5,5,0,0,5,1 (1ct 0st),0.2,England
SD Robson (2014-2014),14,5,5,0,0,5,1 (1ct 0st),0.357,England
IDK Salisbury (1992-2000),27,5,5,0,0,5,2 (2ct 0st),0.185,England
RJ Sidebottom (2001-2010),37,5,5,0,0,5,1 (1ct 0st),0.135,England
RT Simpson (1948-1955),51,5,5,0,0,5,2 (2ct 0st),0.098,England
CL Smith (1983-1986),16,5,5,0,0,5,2 (2ct 0st),0.312,England
ET Smith (2003-2003),6,5,5,0,0,5,2 (2ct 0st),0.833,England
AG Steel (1880-1888),24,5,5,0,0,5,1 (1ct 0st),0.208,England
CT Studd (1882-1883),10,5,5,0,0,5,2 (2ct 0st),0.5,England
R Subba Row (1958-1961),23,5,5,0,0,5,1 (1ct 0st),0.217,England
GJ Thompson (1909-1910),12,5,5,0,0,5,2 (2ct 0st),0.416,England
RW Tolchard (1977-1977),8,5,5,0,0,5,1 (1ct 0st),0.625,England
PM Walker (1960-1960),6,5,5,0,0,5,2 (2ct 0st),0.833,England
JA Young (1947-1949),14,5,5,0,0,5,1 (1ct 0st),0.357,England
PJW Allott (1981-1985),24,4,4,0,0,4,1 (1ct 0st),0.166,England
R Appleyard (1954-1956),18,4,4,0,0,4,2 (2ct 0st),0.222,England
G Bean (1892-1892),6,4,4,0,0,4,2 (2ct 0st),0.666,England
MA Ealham (1996-1998),13,4,4,0,0,4,1 (1ct 0st),0.307,England
NH Fairbrother (1987-1993),15,4,4,0,0,4,2 (2ct 0st),0.266,England
A Fielder (1904-1908),12,4,4,0,0,4,2 (2ct 0st),0.333,England
AP Freeman (1924-1929),23,4,4,0,0,4,1 (1ct 0st),0.173,England
LH Gay (1894-1894),2,4,3,1,3,0,3 (2ct 1st),2,England
PA Gibb (1938-1946),14,4,3,1,3,0,2 (1ct 1st),0.285,England
NE Haig (1921-1930),10,4,4,0,0,4,2 (2ct 0st),0.4,England
H Hameed (2016-2016),6,4,4,0,0,4,3 (3ct 0st),0.666,England
JT Hearne (1892-1899),22,4,4,0,0,4,2 (2ct 0st),0.181,England
K Higgs (1965-1968),27,4,4,0,0,4,1 (1ct 0st),0.148,England
JW Hitch (1911-1921),12,4,4,0,0,4,1 (1ct 0st),0.333,England
AJ Hollioake (1997-1998),6,4,4,0,0,4,1 (1ct 0st),0.666,England
ERT Holmes (1935-1935),9,4,4,0,0,4,2 (2ct 0st),0.444,England
ND Howard (1951-1952),7,4,4,0,0,4,2 (2ct 0st),0.571,England
RO Jenkins (1948-1952),18,4,4,0,0,4,1 (1ct 0st),0.222,England
IJ Jones (1964-1968),27,4,4,0,0,4,1 (1ct 0st),0.148,England
SP Jones (2002-2005),35,4,4,0,0,4,1 (1ct 0st),0.114,England
WH Lockwood (1893-1902),20,4,4,0,0,4,2 (2ct 0st),0.2,England
JE McConnon (1954-1954),4,4,4,0,0,4,4 (4ct 0st),1,England
DL Maddy (1999-2000),5,4,4,0,0,4,1 (1ct 0st),0.8,England
FT Mann (1922-1923),9,4,4,0,0,4,1 (1ct 0st),0.444,England
CP Mead (1911-1928),31,4,4,0,0,4,1 (1ct 0st),0.129,England
LJ Moon (1906-1906),7,4,4,0,1,3,2 (2ct 0st),0.571,England
F Morley (1880-1883),8,4,4,0,0,4,2 (2ct 0st),0.5,England
TC O'Brien (1884-1896),9,4,4,0,0,4,1 (1ct 0st),0.444,England
WG Quaife (1899-1902),14,4,4,0,0,4,2 (2ct 0st),0.285,England
CT Radley (1978-1978),15,4,4,0,0,4,1 (1ct 0st),0.266,England
AU Rashid (2015-2018),34,4,4,0,0,4,1 (1ct 0st),0.117,England
BC Rose (1977-1981),13,4,4,0,0,4,2 (2ct 0st),0.307,England
WE Russell (1961-1967),18,4,4,0,0,4,2 (2ct 0st),0.222,England
A Sandham (1921-1930),24,4,4,0,0,4,1 (1ct 0st),0.166,England
WH Scotton (1881-1887),28,4,4,0,0,4,2 (2ct 0st),0.142,England
A Shaw (1877-1882),13,4,4,0,0,4,2 (2ct 0st),0.307,England
RH Spooner (1905-1912),18,4,4,0,0,4,1 (1ct 0st),0.222,England
PM Such (1993-1999),20,4,4,0,0,4,2 (2ct 0st),0.2,England
CT Tremlett (2007-2013),24,4,4,0,0,4,1 (1ct 0st),0.166,England
FH Tyson (1954-1959),32,4,4,0,0,4,1 (1ct 0st),0.125,England
MA Wood (2015-2018),23,4,4,0,0,4,1 (1ct 0st),0.173,England
SMJ Woods (1896-1896),6,4,4,0,0,4,3 (3ct 0st),0.666,England
AH Bakewell (1931-1935),12,3,3,0,0,3,2 (2ct 0st),0.25,England
GJ Batty (2003-2016),16,3,3,0,0,3,2 (2ct 0st),0.187,England
J Birkenshaw (1973-1974),9,3,3,0,0,3,2 (2ct 0st),0.333,England
RO Butcher (1981-1981),4,3,3,0,0,3,2 (2ct 0st),0.75,England
Hon.FSG Calthorpe (1930-1930),8,3,3,0,0,3,1 (1ct 0st),0.375,England
AW Carr (1922-1929),16,3,3,0,0,3,1 (1ct 0st),0.187,England
K Cranston (1947-1948),16,3,3,0,0,3,2 (2ct 0st),0.187,England
TS Curtis (1988-1989),9,3,3,0,0,3,1 (1ct 0st),0.333,England
RKJ Dawson (2001-2003),11,3,3,0,0,3,2 (2ct 0st),0.272,England
GHG Doggart (1950-1950),4,3,3,0,0,3,1 (1ct 0st),0.75,England
AER Gilligan (1922-1925),21,3,3,0,0,3,1 (1ct 0st),0.142,England
TWJ Goddard (1930-1939),13,3,3,0,0,3,1 (1ct 0st),0.23,England
JR Gunn (1901-1905),12,3,3,0,0,3,1 (1ct 0st),0.25,England
Lord Hawke (1896-1899),10,3,3,0,0,3,2 (2ct 0st),0.3,England
C Heseltine (1896-1896),4,3,3,0,0,3,1 (1ct 0st),0.75,England
P Holmes (1921-1932),14,3,3,0,0,3,2 (2ct 0st),0.214,England
RJ Kirtley (2003-2003),7,3,3,0,0,3,1 (1ct 0st),0.428,England
E Leadbeater (1951-1952),4,3,3,0,0,3,2 (2ct 0st),0.75,England
WHV Levett (1934-1934),2,3,3,0,3,0,3 (3ct 0st),1.5,England
A McGrath (2003-2003),7,3,3,0,0,3,1 (1ct 0st),0.428,England
FG Mann (1948-1949),13,3,3,0,0,3,2 (2ct 0st),0.23,England
JR Mason (1897-1898),8,3,3,0,0,3,1 (1ct 0st),0.375,England
MP Maynard (1988-1994),8,3,3,0,0,3,1 (1ct 0st),0.375,England
H Morris (1991-1991),6,3,3,0,0,3,1 (1ct 0st),0.5,England
JE Morris (1990-1990),5,3,3,0,0,3,2 (2ct 0st),0.6,England
JB Mortimore (1959-1964),17,3,3,0,0,3,1 (1ct 0st),0.176,England
WGA Parkhouse (1950-1959),13,3,3,0,0,3,1 (1ct 0st),0.23,England
CH Parkin (1920-1924),17,3,3,0,0,3,2 (2ct 0st),0.176,England
SR Patel (2012-2015),12,3,3,0,0,3,1 (1ct 0st),0.25,England
LE Plunkett (2005-2014),25,3,3,0,0,3,1 (1ct 0st),0.12,England
R Pollard (1946-1948),7,3,3,0,0,3,1 (1ct 0st),0.428,England
F Ridgway (1951-1952),8,3,3,0,0,3,2 (2ct 0st),0.375,England
WN Slack (1986-1986),6,3,3,0,0,3,1 (1ct 0st),0.5,England
NI Thomson (1964-1965),10,3,3,0,0,3,1 (1ct 0st),0.3,England
AJ Tudor (1998-2002),17,3,3,0,0,3,2 (2ct 0st),0.176,England
A Ward (1969-1976),9,3,3,0,0,3,2 (2ct 0st),0.333,England
PF Warner (1899-1912),28,3,3,0,0,3,2 (2ct 0st),0.107,England
P Willey (1976-1986),44,3,3,0,0,3,1 (1ct 0st),0.068,England
H Wood (1888-1892),8,3,2,1,2,0,2 (1ct 1st),0.375,England
F Barratt (1929-1930),8,2,2,0,0,2,1 (1ct 0st),0.25,England
R Berry (1950-1950),4,2,2,0,0,2,2 (2ct 0st),0.5,England
MP Bicknell (1993-2003),7,2,2,0,0,2,1 (1ct 0st),0.285,England
RJ Blakey (1993-1993),2,2,2,0,2,0,1 (1ct 0st),1,England
JB Bolus (1963-1964),14,2,2,0,0,2,1 (1ct 0st),0.142,England
SG Borthwick (2014-2014),2,2,2,0,0,2,2 (2ct 0st),1,England
WE Bowes (1932-1946),29,2,2,0,0,2,1 (1ct 0st),0.068,England
EH Bowley (1929-1930),8,2,2,0,0,2,1 (1ct 0st),0.25,England
CP Buckenham (1910-1910),8,2,2,0,0,2,1 (1ct 0st),0.25,England
HR Butt (1896-1896),6,2,1,1,1,0,1 (1ct 0st),0.333,England
TW Cartwright (1964-1965),9,2,2,0,0,2,2 (2ct 0st),0.222,England
RMH Cottam (1969-1973),8,2,2,0,0,2,1 (1ct 0st),0.25,England
WR Cuttell (1899-1899),4,2,2,0,0,2,2 (2ct 0st),0.5,England
LA Dawson (2016-2017),5,2,2,0,0,2,2 (2ct 0st),0.4,England
H Dean (1912-1912),5,2,2,0,0,2,1 (1ct 0st),0.4,England
RM Ellison (1984-1986),22,2,2,0,0,2,1 (1ct 0st),0.09,England
W Flowers (1884-1893),15,2,2,0,0,2,1 (1ct 0st),0.133,England
C Gladwin (1947-1949),15,2,2,0,0,2,1 (1ct 0st),0.133,England
GF Grace (1880-1880),2,2,2,0,0,2,2 (2ct 0st),1,England
A Greenwood (1877-1877),4,2,2,0,0,2,1 (1ct 0st),0.5,England
Lord Harris (1879-1884),7,2,2,0,0,2,1 (1ct 0st),0.285,England
JC Hartley (1906-1906),3,2,2,0,0,2,1 (1ct 0st),0.666,England
EG Hayes (1906-1912),10,2,2,0,0,2,1 (1ct 0st),0.2,England
WE Hollies (1935-1950),23,2,2,0,0,2,1 (1ct 0st),0.086,England
BC Hollioake (1997-1998),4,2,2,0,0,2,1 (1ct 0st),0.5,England
L Hone (1879-1879),2,2,2,0,2,0,2 (2ct 0st),1,England
MJ Horton (1959-1959),4,2,2,0,0,2,1 (1ct 0st),0.5,England
R Howorth (1947-1948),10,2,2,0,0,2,1 (1ct 0st),0.2,England
RC Irani (1996-1999),5,2,2,0,0,2,2 (2ct 0st),0.4,England
PW Jarvis (1988-1993),16,2,2,0,0,2,1 (1ct 0st),0.125,England
H Jupp (1877-1877),4,2,2,0,0,2,2 (2ct 0st),0.5,England
ET Killick (1929-1929),4,2,2,0,0,2,1 (1ct 0st),0.5,England
MJ Leach (2018-2018),8,2,2,0,0,2,1 (1ct 0st),0.25,England
WS Lees (1906-1906),9,2,2,0,0,2,1 (1ct 0st),0.222,England
PJ Loader (1954-1959),26,2,2,0,0,2,1 (1ct 0st),0.076,England
Hon.A Lyttelton (1880-1884),7,2,2,0,2,0,1 (1ct 0st),0.285,England
F Martin (1890-1892),4,2,2,0,0,2,1 (1ct 0st),0.5,England
F Mitchell (1899-1899),4,2,2,0,0,2,1 (1ct 0st),0.5,England
J O'Connor (1929-1930),8,2,2,0,0,2,2 (2ct 0st),0.25,England
LCH Palairet (1902-1902),4,2,2,0,0,2,1 (1ct 0st),0.5,England
MM Patel (1996-1996),4,2,2,0,0,2,2 (2ct 0st),0.5,England
E Peate (1881-1886),15,2,2,0,0,2,1 (1ct 0st),0.133,England
OJ Pope (2018-2018),4,2,2,0,0,2,2 (2ct 0st),0.5,England
AD Pougher (1892-1892),2,2,2,0,0,2,1 (1ct 0st),1,England
WFF Price (1938-1938),2,2,2,0,2,0,2 (2ct 0st),1,England
G Pullar (1959-1963),50,2,2,0,0,2,1 (1ct 0st),0.04,England
VPFA Royle (1879-1879),2,2,2,0,0,2,2 (2ct 0st),1,England
OA Shah (2006-2009),9,2,2,0,0,2,1 (1ct 0st),0.222,England
A Shahzad (2010-2010),2,2,2,0,0,2,1 (1ct 0st),1,England
JW Sharpe (1890-1892),6,2,2,0,0,2,1 (1ct 0st),0.333,England
CEW Silverwood (1996-2002),9,2,2,0,0,2,1 (1ct 0st),0.222,England
DR Smith (1961-1962),8,2,2,0,0,2,1 (1ct 0st),0.25,England
J Southerton (1877-1877),4,2,2,0,0,2,1 (1ct 0st),0.5,England
FW Tate (1902-1902),2,2,2,0,0,2,1 (1ct 0st),1,England
VP Terry (1984-1984),3,2,2,0,0,2,1 (1ct 0st),0.666,England
LF Townsend (1930-1934),8,2,2,0,0,2,1 (1ct 0st),0.25,England
JC Tredwell (2010-2015),4,2,2,0,0,2,1 (1ct 0st),0.5,England
GE Tyldesley (1921-1929),25,2,2,0,0,2,1 (1ct 0st),0.08,England
BH Valentine (1933-1939),13,2,2,0,0,2,1 (1ct 0st),0.153,England
E Wainwright (1893-1898),8,2,2,0,0,2,1 (1ct 0st),0.25,England
AJ Webbe (1879-1879),2,2,2,0,0,2,2 (2ct 0st),1,England
AW Wellard (1937-1938),4,2,2,0,0,2,2 (2ct 0st),0.5,England
KV Andrew (1954-1963),3,1,1,0,1,0,1 (1ct 0st),0.333,England
ZS Ansari (2016-2016),6,1,1,0,0,1,1 (1ct 0st),0.166,England
JC Balderstone (1976-1976),4,1,1,0,0,1,1 (1ct 0st),0.25,England
JT Ball (2016-2017),6,1,1,0,0,1,1 (1ct 0st),0.166,England
W Barber (1935-1935),4,1,1,0,0,1,1 (1ct 0st),0.25,England
KJ Barnett (1988-1989),8,1,1,0,0,1,1 (1ct 0st),0.125,England
DM Bess (2018-2018),4,1,1,0,0,1,1 (1ct 0st),0.25,England
MP Bowden (1889-1889),4,1,1,0,1,0,1 (1ct 0st),0.25,England
DV Brennan (1951-1951),4,1,0,1,0,0,1 (0ct 1st),0.25,England
HR Bromley-Davenport (1896-1899),8,1,1,0,0,1,1 (1ct 0st),0.125,England
D Brookes (1948-1948),2,1,1,0,0,1,1 (1ct 0st),0.5,England
A Brown (1961-1961),4,1,1,0,0,1,1 (1ct 0st),0.25,England
SJE Brown (1996-1996),2,1,1,0,0,1,1 (1ct 0st),0.5,England
RJ Burns (2018-2018),6,1,1,0,0,1,1 (1ct 0st),0.166,England
HJ Butler (1947-1948),4,1,1,0,0,1,1 (1ct 0st),0.25,England
JH Childs (1988-1988),3,1,1,0,0,1,1 (1ct 0st),0.333,England
R Clarke (2003-2003),4,1,1,0,0,1,1 (1ct 0st),0.25,England
JC Clay (1935-1935),2,1,1,0,0,1,1 (1ct 0st),0.5,England
LJ Coldwell (1962-1964),14,1,1,0,0,1,1 (1ct 0st),0.071,England
GA Cope (1977-1978),5,1,1,0,0,1,1 (1ct 0st),0.2,England
WH Copson (1939-1947),6,1,1,0,0,1,1 (1ct 0st),0.166,England
J Cranston (1890-1890),2,1,1,0,0,1,1 (1ct 0st),0.5,England
HE Dollery (1947-1950),8,1,1,0,0,1,1 (1ct 0st),0.125,England
A Dolphin (1921-1921),2,1,1,0,1,0,1 (1ct 0st),0.5,England
A Ducat (1921-1921),2,1,1,0,0,1,1 (1ct 0st),0.5,England
BM Duckett (2016-2016),8,1,1,0,0,1,1 (1ct 0st),0.125,England
K Farnes (1934-1939),27,1,1,0,0,1,1 (1ct 0st),0.037,England
LB Fishlock (1936-1947),7,1,1,0,0,1,1 (1ct 0st),0.142,England
JER Gallian (1995-1995),4,1,1,0,0,1,1 (1ct 0st),0.25,England
H Gimblett (1936-1939),6,1,1,0,0,1,1 (1ct 0st),0.166,England
AR Gover (1936-1946),7,1,1,0,0,1,1 (1ct 0st),0.142,England
EM Grace (1880-1880),2,1,1,0,0,1,1 (1ct 0st),0.5,England
T Greenhough (1959-1960),8,1,1,0,0,1,1 (1ct 0st),0.125,England
J Hardstaff snr (1907-1908),10,1,1,0,0,1,1 (1ct 0st),0.1,England
A Hearne (1892-1892),2,1,1,0,0,1,1 (1ct 0st),0.5,England
F Hearne (1889-1889),4,1,1,0,0,1,1 (1ct 0st),0.25,England
A Hill (1877-1877),4,1,1,0,0,1,1 (1ct 0st),0.25,England
AJL Hill (1896-1896),6,1,1,0,0,1,1 (1ct 0st),0.166,England
MJ Hilton (1950-1952),6,1,1,0,0,1,1 (1ct 0st),0.166,England
AP Igglesden (1989-1994),5,1,1,0,0,1,1 (1ct 0st),0.2,England
HL Jackson (1949-1961),4,1,1,0,0,1,1 (1ct 0st),0.25,England
AE Knight (1904-1904),6,1,1,0,0,1,1 (1ct 0st),0.166,England
DJ Knight (1921-1921),4,1,1,0,0,1,1 (1ct 0st),0.25,England
GB Legge (1927-1930),8,1,1,0,0,1,1 (1ct 0st),0.125,England
CFH Leslie (1882-1883),8,1,1,0,0,1,1 (1ct 0st),0.125,England
HDG Leveson Gower (1910-1910),6,1,1,0,0,1,1 (1ct 0st),0.166,England
James Lillywhite jnr (1877-1877),4,1,1,0,0,1,1 (1ct 0st),0.25,England
AP Lucas (1879-1884),9,1,1,0,0,1,1 (1ct 0st),0.111,England
MJ McCague (1993-1994),5,1,1,0,0,1,1 (1ct 0st),0.2,England
CP McGahey (1902-1902),4,1,1,0,0,1,1 (1ct 0st),0.25,England
CS Marriott (1933-1933),2,1,1,0,0,1,1 (1ct 0st),0.5,England
ADG Matthews (1937-1937),2,1,1,0,0,1,1 (1ct 0st),0.5,England
W Mead (1899-1899),2,1,1,0,0,1,1 (1ct 0st),0.5,England
FW Milligan (1899-1899),4,1,1,0,0,1,1 (1ct 0st),0.25,England
TB Mitchell (1933-1935),9,1,1,0,0,1,1 (1ct 0st),0.111,England
AW Mold (1893-1893),5,1,1,0,0,1,1 (1ct 0st),0.2,England
AE Moss (1954-1960),17,1,1,0,0,1,1 (1ct 0st),0.058,England
WL Murdoch (1892-1892),2,1,0,1,0,0,1 (0ct 1st),0.5,England
PJ Newport (1988-1991),6,1,1,0,0,1,1 (1ct 0st),0.166,England
C Overton (2017-2018),4,1,1,0,0,1,1 (1ct 0st),0.25,England
RTD Perks (1939-1939),3,1,1,0,0,1,1 (1ct 0st),0.333,England
CJ Poole (1951-1952),5,1,1,0,0,1,1 (1ct 0st),0.2,England
DA Reeve (1992-1992),6,1,1,0,0,1,1 (1ct 0st),0.166,England
DW Richardson (1957-1957),2,1,1,0,0,1,1 (1ct 0st),0.5,England
CF Root (1926-1926),3,1,1,0,0,1,1 (1ct 0st),0.333,England
MJ Saggers (2003-2004),6,1,1,0,0,1,1 (1ct 0st),0.166,England
J Selby (1877-1882),11,1,1,0,1,0,1 (1ct 0st),0.09,England
MWW Selvey (1976-1977),6,1,1,0,0,1,1 (1ct 0st),0.166,England
D Shackleton (1950-1963),13,1,1,0,0,1,1 (1ct 0st),0.076,England
J Sharp (1909-1909),6,1,1,0,0,1,1 (1ct 0st),0.166,England
K Shuttleworth (1970-1971),9,1,1,0,0,1,1 (1ct 0st),0.111,England
GHT Simpson-Hayward (1910-1910),10,1,1,0,0,1,1 (1ct 0st),0.1,England
CIJ Smith (1935-1937),9,1,1,0,0,1,1 (1ct 0st),0.111,England
D Smith (1935-1935),4,1,1,0,0,1,1 (1ct 0st),0.25,England
H Smith (1928-1928),2,1,1,0,1,0,1 (1ct 0st),0.5,England
TPB Smith (1946-1947),5,1,1,0,0,1,1 (1ct 0st),0.2,England
MD Stoneman (2017-2018),19,1,1,0,0,1,1 (1ct 0st),0.052,England
GB Street (1923-1923),1,1,0,1,0,0,1 (0ct 1st),1,England
K Taylor (1959-1964),6,1,1,0,0,1,1 (1ct 0st),0.166,England
LB Taylor (1985-1985),4,1,1,0,0,1,1 (1ct 0st),0.25,England
DCH Townsend (1935-1935),5,1,1,0,0,1,1 (1ct 0st),0.2,England
NC Tufnell (1910-1910),2,1,0,1,0,0,1 (0ct 1st),0.5,England
MJL Turnbull (1930-1936),17,1,1,0,0,1,1 (1ct 0st),0.058,England
RK Tyldesley (1924-1930),11,1,1,0,0,1,1 (1ct 0st),0.09,England
SD Udal (2005-2006),7,1,1,0,0,1,1 (1ct 0st),0.142,England
A Waddington (1920-1921),4,1,1,0,0,1,1 (1ct 0st),0.25,England
A Ward (1893-1895),13,1,1,0,0,1,1 (1ct 0st),0.076,England
IJ Ward (2001-2001),9,1,1,0,0,1,1 (1ct 0st),0.111,England
A Warren (1905-1905),2,1,1,0,0,1,1 (1ct 0st),0.5,England
SL Watkin (1991-1993),6,1,1,0,0,1,1 (1ct 0st),0.166,England
M Watkinson (1995-1996),7,1,1,0,0,1,1 (1ct 0st),0.142,England
T Westley (2017-2017),10,1,1,0,0,1,1 (1ct 0st),0.1,England
JJ Whitaker (1986-1986),2,1,1,0,0,1,1 (1ct 0st),0.5,England
D Wilson (1964-1971),12,1,1,0,0,1,1 (1ct 0st),0.083,England
HI Young (1899-1899),4,1,1,0,0,1,1 (1ct 0st),0.25,England
CA Absolom (1879-1879),2,0,0,0,0,0,0,0,England
U Afzaal (2001-2001),4,0,0,0,0,0,0,0,England
JP Agnew (1984-1985),6,0,0,0,0,0,0,0,England
Kabir Ali (2003-2003),2,0,0,0,0,0,0,0,England
MJC Allom (1930-1931),8,0,0,0,0,0,0,0,England
AG Archer (1899-1899),2,0,0,0,0,0,0,0,England
T Armitage (1877-1877),4,0,0,0,0,0,0,0,England
J Arnold (1931-1931),2,0,0,0,0,0,0,0,England
RJ Bailey (1988-1990),7,0,0,0,0,0,0,0,England
GD Barlow (1976-1977),6,0,0,0,0,0,0,0,England
VA Barton (1892-1892),2,0,0,0,0,0,0,0,England
JE Benjamin (1994-1994),2,0,0,0,0,0,0,0,England
MR Benson (1986-1986),2,0,0,0,0,0,0,0,England
ID Blackwell (2006-2006),2,0,0,0,0,0,0,0,England
MW Booth (1913-1914),4,0,0,0,0,0,0,0,England
WM Bradley (1899-1899),4,0,0,0,0,0,0,0,England
W Brearley (1905-1912),8,0,0,0,0,0,0,0,England
AR Butcher (1979-1979),2,0,0,0,0,0,0,0,England
DB Carr (1951-1952),2,0,0,0,0,0,0,0,England
DW Carr (1909-1909),2,0,0,0,0,0,0,0,England
HRJ Charlwood (1877-1877),4,0,0,0,0,0,0,0,England
W Chatterton (1892-1892),2,0,0,0,0,0,0,0,England
S Christopherson (1884-1884),2,0,0,0,0,0,0,0,England
EW Clark (1929-1934),15,0,0,0,0,0,0,0,England
C Cook (1947-1947),2,0,0,0,0,0,0,0,England
Hon.CJ Coventry (1889-1889),4,0,0,0,0,0,0,0,England
A Coxon (1948-1948),2,0,0,0,0,0,0,0,England
MS Crane (2018-2018),1,0,0,0,0,0,0,0,England
SM Curran (2018-2018),14,0,0,0,0,0,0,0,England
TK Curran (2017-2018),3,0,0,0,0,0,0,0,England
EW Dawson (1928-1930),8,0,0,0,0,0,0,0,England
JG Dewes (1948-1950),8,0,0,0,0,0,0,0,England
AE Dipper (1921-1921),2,0,0,0,0,0,0,0,England
FJ Durston (1921-1921),2,0,0,0,0,0,0,0,England
GM Emmett (1948-1948),2,0,0,0,0,0,0,0,England
AJ Evans (1921-1921),2,0,0,0,0,0,0,0,England
JJ Ferris (1892-1892),2,0,0,0,0,0,0,0,England
JA Flavell (1961-1964),7,0,0,0,0,0,0,0,England
AJ Fothergill (1889-1889),4,0,0,0,0,0,0,0,England
ESH Giddins (1999-2000),7,0,0,0,0,0,0,0,England
AHH Gilligan (1930-1930),6,0,0,0,0,0,0,0,England
IA Greig (1982-1982),4,0,0,0,0,0,0,0,England
BAF Grieve (1889-1889),4,0,0,0,0,0,0,0,England
A Habib (1999-1999),4,0,0,0,0,0,0,0,England
C Hallows (1921-1928),3,0,0,0,0,0,0,0,England
GM Hamilton (1999-1999),1,0,0,0,0,0,0,0,England
HTW Hardinge (1921-1921),2,0,0,0,0,0,0,0,England
GG Hearne (1892-1892),2,0,0,0,0,0,0,0,England
JL Hopwood (1934-1934),3,0,0,0,0,0,0,0,England
AN Hornby (1879-1884),5,0,0,0,0,0,0,0,England
H Howell (1920-1924),8,0,0,0,0,0,0,0,England
J Iddon (1935-1935),9,0,0,0,0,0,0,0,England
MC Ilott (1993-1995),8,0,0,0,0,0,0,0,England
RD Jackman (1981-1982),7,0,0,0,0,0,0,0,England
SP James (1998-1998),4,0,0,0,0,0,0,0,England
JA Jameson (1971-1974),6,0,0,0,0,0,0,0,England
RL Johnson (2003-2003),6,0,0,0,0,0,0,0,England
WW Keeton (1934-1939),2,0,0,0,0,0,0,0,England
SC Kerrigan (2013-2013),2,0,0,0,0,0,0,0,England
A Khan (2009-2009),2,0,0,0,0,0,0,0,England
JH King (1909-1909),2,0,0,0,0,0,0,0,England
SP Kinneir (1911-1911),2,0,0,0,0,0,0,0,England
NA Knox (1907-1907),4,0,0,0,0,0,0,0,England
MN Lathwell (1993-1993),3,0,0,0,0,0,0,0,England
DV Lawrence (1988-1992),10,0,0,0,0,0,0,0,England
HW Lee (1931-1931),2,0,0,0,0,0,0,0,England
AR Lewis (1972-1973),17,0,0,0,0,0,0,0,England
J Lewis (2006-2006),2,0,0,0,0,0,0,0,England
TA Lloyd (1984-1984),1,0,0,0,0,0,0,0,England
JCW MacBryan (1924-1924),1,0,0,0,0,0,0,0,England
FA MacKinnon (1879-1879),2,0,0,0,0,0,0,0,England
JEP McMaster (1889-1889),2,0,0,0,0,0,0,0,England
SI Mahmood (2006-2007),14,0,0,0,0,0,0,0,England
JWH Makepeace (1920-1921),7,0,0,0,0,0,0,0,England
NA Mallender (1992-1992),4,0,0,0,0,0,0,0,England
VJ Marks (1982-1984),12,0,0,0,0,0,0,0,England
JW Martin (1947-1947),2,0,0,0,0,0,0,0,England
AM Miller (1896-1896),2,0,0,0,0,0,0,0,England
NS Mitchell-Innes (1935-1935),2,0,0,0,0,0,0,0,England
TA Munton (1992-1992),4,0,0,0,0,0,0,0,England
W Newham (1888-1888),2,0,0,0,0,0,0,0,England
N Oldfield (1939-1939),1,0,0,0,0,0,0,0,England
G Onions (2009-2012),16,0,0,0,0,0,0,0,England
J Ormond (2001-2001),3,0,0,0,0,0,0,0,England
DEV Padgett (1960-1960),4,0,0,0,0,0,0,0,England
CH Palmer (1954-1954),2,0,0,0,0,0,0,0,England
KE Palmer (1965-1965),2,0,0,0,0,0,0,0,England
CWL Parker (1921-1921),1,0,0,0,0,0,0,0,England
PWG Parker (1981-1981),2,0,0,0,0,0,0,0,England
JH Parks (1937-1937),2,0,0,0,0,0,0,0,England
Nawab of Pataudi snr (1932-1934),6,0,0,0,0,0,0,0,England
DJ Pattinson (2008-2008),2,0,0,0,0,0,0,0,England
F Penn (1880-1880),2,0,0,0,0,0,0,0,England
ACS Pigott (1984-1984),1,0,0,0,0,0,0,0,England
W Place (1948-1948),6,0,0,0,0,0,0,0,England
GH Pope (1947-1947),2,0,0,0,0,0,0,0,England
RM Prideaux (1968-1969),6,0,0,0,0,0,0,0,England
NV Radford (1986-1988),6,0,0,0,0,0,0,0,England
WB Rankin (2014-2014),2,0,0,0,0,0,0,0,England
HD Read (1935-1935),2,0,0,0,0,0,0,0,England
HJ Rhodes (1959-1959),4,0,0,0,0,0,0,0,England
TL Richmond (1921-1921),2,0,0,0,0,0,0,0,England
TS Roland-Jones (2017-2017),8,0,0,0,0,0,0,0,England
FE Rumsey (1964-1965),10,0,0,0,0,0,0,0,England
CP Schofield (2000-2000),4,0,0,0,0,0,0,0,England
SS Schultz (1879-1879),2,0,0,0,0,0,0,0,England
J Shuter (1888-1888),2,0,0,0,0,0,0,0,England
A Sidebottom (1985-1985),1,0,0,0,0,0,0,0,England
RA Sinfield (1938-1938),2,0,0,0,0,0,0,0,England
TF Smailes (1946-1946),2,0,0,0,0,0,0,0,England
AM Smith (1997-1997),1,0,0,0,0,0,0,0,England
CA Smith (1889-1889),2,0,0,0,0,0,0,0,England
DM Smith (1986-1986),4,0,0,0,0,0,0,0,England
DV Smith (1957-1957),6,0,0,0,0,0,0,0,England
GA Smithson (1948-1948),4,0,0,0,0,0,0,0,England
SJ Staples (1928-1928),6,0,0,0,0,0,0,0,England
JP Stephenson (1989-1989),2,0,0,0,0,0,0,0,England
GB Stevenson (1980-1981),3,0,0,0,0,0,0,0,England
FH Sugg (1888-1888),4,0,0,0,0,0,0,0,England
JP Taylor (1993-1994),4,0,0,0,0,0,0,0,England
JG Thomas (1986-1986),9,0,0,0,0,0,0,0,England
CL Townsend (1899-1899),4,0,0,0,0,0,0,0,England
MF Tremlett (1948-1948),6,0,0,0,0,0,0,0,England
AE Trott (1899-1899),4,0,0,0,0,0,0,0,England
EJ Tyler (1896-1896),2,0,0,0,0,0,0,0,England
GF Vernon (1882-1883),2,0,0,0,0,0,0,0,England
J Vine (1912-1912),4,0,0,0,0,0,0,0,England
JJ Warr (1951-1951),3,0,0,0,0,0,0,0,England
AP Wells (1995-1995),1,0,0,0,0,0,0,0,England
A Wharton (1949-1949),2,0,0,0,0,0,0,0,England
DW White (1961-1962),4,0,0,0,0,0,0,0,England
LL Wilkinson (1938-1939),5,0,0,0,0,0,0,0,England
NF Williams (1990-1990),1,0,0,0,0,0,0,0,England
CEM Wilson (1899-1899),4,0,0,0,0,0,0,0,England
ER Wilson (1921-1921),2,0,0,0,0,0,0,0,England
R Wood (1887-1887),2,0,0,0,0,0,0,0,England
CW Wright (1896-1896),6,0,0,0,0,0,0,0,England
EG Wynyard (1896-1906),6,0,0,0,0,0,0,0,England
AC Gilchrist (1999-2008),191,416,379,37,379,0,5 (5ct 0st),2.178,Australia
IA Healy (1988-1999),224,395,366,29,366,0,6 (6ct 0st),1.763,Australia
RW Marsh (1970-1984),182,355,343,12,343,0,6 (6ct 0st),1.95,Australia
BJ Haddin (2008-2015),128,270,262,8,262,0,6 (6ct 0st),2.109,Australia
RT Ponting (1995-2012),328,196,196,0,0,196,3 (3ct 0st),0.597,Australia
ATW Grout (1957-1966),98,187,163,24,163,0,6 (6ct 0st),1.908,Australia
ME Waugh (1991-2002),245,181,181,0,0,181,4 (4ct 0st),0.738,Australia
MA Taylor (1989-1999),197,157,157,0,0,157,4 (4ct 0st),0.796,Australia
AR Border (1978-1994),277,156,156,0,0,156,4 (4ct 0st),0.563,Australia
MJ Clarke (2004-2015),223,134,134,0,0,134,3 (3ct 0st),0.6,Australia
WAS Oldfield (1920-1937),101,130,78,52,78,0,5 (1ct 4st),1.287,Australia
ML Hayden (1994-2009),205,128,128,0,0,128,4 (4ct 0st),0.624,Australia
SK Warne (1992-2007),281,125,125,0,0,125,3 (3ct 0st),0.444,Australia
GS Chappell (1970-1984),165,122,122,0,0,122,4 (4ct 0st),0.739,Australia
SR Waugh (1985-2004),318,112,112,0,0,112,3 (3ct 0st),0.352,Australia
RB Simpson (1957-1978),117,110,110,0,0,110,4 (4ct 0st),0.94,Australia
IM Chappell (1964-1980),144,105,105,0,0,105,4 (4ct 0st),0.729,Australia
DC Boon (1984-1996),195,99,99,0,0,99,4 (4ct 0st),0.507,Australia
GRA Langley (1951-1956),51,98,83,15,83,0,5 (5ct 0st),1.921,Australia
SPD Smith (2010-2018),121,96,96,0,0,96,5 (5ct 0st),0.793,Australia
MEK Hussey (2005-2013),153,85,85,0,0,85,3 (3ct 0st),0.555,Australia
IR Redpath (1964-1976),123,83,83,0,0,83,3 (3ct 0st),0.674,Australia
TD Paine (2010-2019),36,81,77,4,77,0,4 (4ct 0st),2.25,Australia
MS Wade (2012-2017),42,74,63,11,63,0,5 (4ct 1st),1.761,Australia
JL Langer (1993-2007),206,73,73,0,0,73,2 (2ct 0st),0.354,Australia
R Benaud (1952-1964),122,65,65,0,0,65,3 (3ct 0st),0.532,Australia
H Carter (1907-1921),55,65,44,21,44,0,4 (4ct 0st),1.181,Australia
RN Harvey (1948-1963),152,64,64,0,0,64,4 (4ct 0st),0.421,Australia
JJ Kelly (1896-1905),67,63,43,20,43,0,4 (4ct 0st),0.94,Australia
PM Nevill (2015-2016),31,63,61,2,61,0,4 (4ct 0st),2.032,Australia
JM Blackham (1877-1894),62,61,37,24,35,2,4 (2ct 2st),0.983,Australia
HB Taber (1966-1970),30,60,56,4,56,0,5 (5ct 0st),2,Australia
D Tallon (1946-1953),42,58,50,8,50,0,4 (4ct 0st),1.38,Australia
BN Jarman (1959-1969),36,54,50,4,50,0,4 (4ct 0st),1.5,Australia
DA Warner (2011-2018),142,54,54,0,1,53,2 (2ct 0st),0.38,Australia
WB Phillips (1983-1986),43,52,52,0,43,9,5 (5ct 0st),1.209,Australia
KJ Hughes (1977-1984),126,50,50,0,0,50,3 (3ct 0st),0.396,Australia
SJ Rixon (1977-1985),24,47,42,5,42,0,4 (4ct 0st),1.958,Australia
KR Stackpole (1966-1974),83,47,47,0,0,47,3 (3ct 0st),0.566,Australia
GS Blewett (1995-2000),90,45,45,0,0,45,3 (3ct 0st),0.5,Australia
H Trumble (1890-1904),61,45,45,0,0,45,3 (3ct 0st),0.737,Australia
SR Watson (2005-2015),113,45,45,0,0,45,3 (3ct 0st),0.398,Australia
WW Armstrong (1902-1921),96,44,44,0,0,44,2 (2ct 0st),0.458,Australia
KD Walters (1965-1981),142,43,43,0,0,43,2 (2ct 0st),0.302,Australia
AK Davidson (1953-1963),85,42,42,0,0,42,4 (4ct 0st),0.494,Australia
NM Lyon (2011-2019),162,41,41,0,0,41,2 (2ct 0st),0.253,Australia
SJ McCabe (1930-1938),73,41,41,0,0,41,3 (3ct 0st),0.561,Australia
GM Wood (1978-1988),108,41,41,0,0,41,2 (2ct 0st),0.379,Australia
SM Katich (2001-2010),109,39,39,0,0,39,2 (2ct 0st),0.357,Australia
GD McGrath (1993-2007),244,38,38,0,0,38,2 (2ct 0st),0.155,Australia
GR Marsh (1985-1992),89,38,38,0,0,38,2 (2ct 0st),0.426,Australia
KR Miller (1946-1956),105,38,38,0,0,38,2 (2ct 0st),0.361,Australia
JM Gregory (1920-1928),44,37,37,0,0,37,3 (3ct 0st),0.84,Australia
DR Martyn (1992-2006),130,36,36,0,0,36,2 (2ct 0st),0.276,Australia
KJ Wright (1979-1979),16,35,31,4,31,0,5 (5ct 0st),2.187,Australia
DM Jones (1984-1992),91,34,34,0,0,34,2 (2ct 0st),0.373,Australia
GD McKenzie (1961-1971),113,34,34,0,0,34,2 (2ct 0st),0.3,Australia
C Hill (1896-1912),93,33,33,0,0,33,3 (3ct 0st),0.354,Australia
MJ Slater (1993-2001),143,33,33,0,0,33,4 (4ct 0st),0.23,Australia
DG Bradman (1928-1948),99,32,32,0,0,32,2 (2ct 0st),0.323,Australia
UT Khawaja (2011-2019),73,31,31,0,0,31,3 (3ct 0st),0.424,Australia
VT Trumper (1899-1912),90,31,31,0,0,31,2 (2ct 0st),0.344,Australia
B Yardley (1978-1983),62,31,31,0,0,31,2 (2ct 0st),0.5,Australia
AL Hassett (1938-1953),82,30,30,0,0,30,2 (2ct 0st),0.365,Australia
IWG Johnson (1946-1956),86,30,30,0,0,30,3 (3ct 0st),0.348,Australia
WM Lawry (1961-1971),127,30,30,0,0,30,2 (2ct 0st),0.236,Australia
AA Mallett (1968-1980),73,30,30,0,0,30,2 (2ct 0st),0.41,Australia
PSP Handscomb (2016-2019),30,28,28,0,0,28,3 (3ct 0st),0.933,Australia
TM Alderman (1981-1991),75,27,27,0,0,27,2 (2ct 0st),0.36,Australia
J Darling (1894-1905),63,27,27,0,0,27,3 (3ct 0st),0.428,Australia
JN Gillespie (1996-2006),141,27,27,0,0,27,1 (1ct 0st),0.191,Australia
MG Johnson (2007-2015),141,27,27,0,0,27,4 (4ct 0st),0.191,Australia
RR Lindwall (1946-1960),117,26,26,0,0,26,2 (2ct 0st),0.222,Australia
MA Noble (1898-1909),79,26,26,0,0,26,3 (3ct 0st),0.329,Australia
SE Gregory (1890-1912),107,25,25,0,0,25,2 (2ct 0st),0.233,Australia
EJM Cowan (2011-2013),35,24,24,0,0,24,3 (3ct 0st),0.685,Australia
GC Dyer (1986-1988),11,24,22,2,22,0,4 (4ct 0st),2.181,Australia
G Giffen (1881-1896),55,24,24,0,0,24,3 (3ct 0st),0.436,Australia
C Kelleway (1910-1928),47,24,24,0,0,24,3 (3ct 0st),0.51,Australia
VY Richardson (1924-1936),37,24,24,0,0,24,5 (5ct 0st),0.648,Australia
RA Saggers (1948-1950),11,24,16,8,16,0,4 (1ct 3st),2.181,Australia
MA Starc (2011-2019),95,24,24,0,0,24,2 (2ct 0st),0.252,Australia
PJP Burge (1955-1966),78,23,23,0,0,23,2 (2ct 0st),0.294,Australia
MG Hughes (1985-1994),97,23,23,0,0,23,2 (2ct 0st),0.237,Australia
B Lee (1999-2008),151,23,23,0,0,23,2 (2ct 0st),0.152,Australia
DK Lillee (1971-1984),133,23,23,0,0,23,2 (2ct 0st),0.172,Australia
SE Marsh (2011-2019),72,23,23,0,0,23,2 (2ct 0st),0.319,Australia
GN Yallop (1976-1984),69,23,23,0,0,23,2 (2ct 0st),0.333,Australia
A Symonds (2004-2008),52,22,22,0,0,22,3 (3ct 0st),0.423,Australia
AC Bannerman (1879-1893),49,21,21,0,0,21,2 (2ct 0st),0.428,Australia
RM Cowper (1964-1968),50,21,21,0,0,21,2 (2ct 0st),0.42,Australia
GB Hole (1951-1955),35,21,21,0,0,21,4 (4ct 0st),0.6,Australia
E Jones (1894-1902),34,21,21,0,0,21,3 (3ct 0st),0.617,Australia
RB McCosker (1975-1980),47,21,21,0,0,21,2 (2ct 0st),0.446,Australia
NCL O'Neill (1958-1965),82,21,21,0,0,21,2 (2ct 0st),0.256,Australia
WH Ponsford (1924-1934),55,21,21,0,0,21,2 (2ct 0st),0.381,Australia
GHS Trott (1888-1898),44,21,21,0,0,21,2 (2ct 0st),0.477,Australia
RG Archer (1953-1956),35,20,20,0,0,20,4 (4ct 0st),0.571,Australia
LV Maddocks (1954-1956),11,20,19,1,19,0,4 (3ct 1st),1.818,Australia
JR Thomson (1972-1985),94,20,20,0,0,20,1 (1ct 0st),0.212,Australia
CJ McDermott (1984-1996),126,19,19,0,0,19,2 (2ct 0st),0.15,Australia
TJ Zoehrer (1986-1987),16,19,18,1,18,0,3 (3ct 0st),1.187,Australia
JW Burke (1951-1959),45,18,18,0,0,18,2 (2ct 0st),0.4,Australia
AH Jarvis (1885-1895),19,18,9,9,8,1,3 (3ct 0st),0.947,Australia
JA Maclean (1978-1979),8,18,18,0,18,0,5 (5ct 0st),2.25,Australia
KC Wessels (1982-1985),41,18,18,0,0,18,2 (2ct 0st),0.439,Australia
BC Booth (1961-1966),54,17,17,0,0,17,2 (2ct 0st),0.314,Australia
AN Connolly (1963-1971),55,17,17,0,0,17,2 (2ct 0st),0.309,Australia
JW Gleeson (1967-1972),56,17,17,0,0,17,2 (2ct 0st),0.303,Australia
CV Grimmett (1925-1936),71,17,17,0,0,17,2 (2ct 0st),0.239,Australia
CG Macartney (1907-1926),64,17,17,0,0,17,1 (1ct 0st),0.265,Australia
GRJ Matthews (1983-1993),56,17,17,0,0,17,2 (2ct 0st),0.303,Australia
MJ North (2009-2010),40,17,17,0,0,17,2 (2ct 0st),0.425,Australia
J Ryder (1920-1929),36,17,17,0,0,17,3 (3ct 0st),0.472,Australia
AP Sheahan (1967-1974),60,17,17,0,0,17,1 (1ct 0st),0.283,Australia
PM Siddle (2008-2018),122,17,17,0,0,17,2 (2ct 0st),0.139,Australia
AJ Bichel (1997-2003),38,16,16,0,0,16,2 (2ct 0st),0.421,Australia
GJ Bonnor (1880-1888),29,16,16,0,0,16,3 (3ct 0st),0.551,Australia
FA Iredale (1894-1899),27,16,16,0,0,16,3 (3ct 0st),0.592,Australia
WA Johnston (1947-1955),79,16,16,0,0,16,2 (2ct 0st),0.202,Australia
MS Kasprowicz (1996-2006),75,16,16,0,0,16,2 (2ct 0st),0.213,Australia
BM Laird (1979-1982),37,16,16,0,0,16,2 (2ct 0st),0.432,Australia
SCG MacGill (1998-2008),87,16,16,0,0,16,2 (2ct 0st),0.183,Australia
KD Mackay (1956-1963),71,16,16,0,0,16,2 (2ct 0st),0.225,Australia
JA Burns (2014-2018),26,15,15,0,0,15,2 (2ct 0st),0.576,Australia
AG Chipperfield (1934-1938),26,15,15,0,0,15,3 (3ct 0st),0.576,Australia
AG Fairfax (1929-1931),19,15,15,0,0,15,3 (3ct 0st),0.789,Australia
JR Hazlewood (2014-2019),82,15,15,0,0,15,2 (2ct 0st),0.182,Australia
PJ Hughes (2009-2013),48,15,15,0,0,15,2 (2ct 0st),0.312,Australia
MR Marsh (2014-2018),60,15,15,0,0,15,2 (2ct 0st),0.25,Australia
AR Morris (1946-1955),90,15,15,0,0,15,2 (2ct 0st),0.166,Australia
KJ O'Keeffe (1971-1977),47,15,15,0,0,15,2 (2ct 0st),0.319,Australia
PR Reiffel (1992-1998),68,15,15,0,0,15,1 (1ct 0st),0.22,Australia
CJL Rogers (2008-2015),49,15,15,0,0,15,3 (3ct 0st),0.306,Australia
A Turner (1975-1977),27,15,15,0,0,15,4 (4ct 0st),0.555,Australia
AC Voges (2015-2016),37,15,15,0,0,15,3 (3ct 0st),0.405,Australia
SG Barnes (1938-1948),25,14,14,0,0,14,3 (3ct 0st),0.56,Australia
WA Brown (1934-1948),41,14,14,0,0,14,2 (2ct 0st),0.341,Australia
GJ Cosier (1975-1978),34,14,14,0,0,14,2 (2ct 0st),0.411,Australia
RA Duff (1902-1905),41,14,14,0,0,14,2 (2ct 0st),0.341,Australia
MTG Elliott (1996-2004),42,14,14,0,0,14,1 (1ct 0st),0.333,Australia
CL McCool (1946-1950),27,14,14,0,0,14,1 (1ct 0st),0.518,Australia
CC McDonald (1952-1961),90,14,14,0,0,14,2 (2ct 0st),0.155,Australia
AA Mailey (1920-1926),38,14,14,0,0,14,2 (2ct 0st),0.368,Australia
WL Murdoch (1877-1890),34,14,14,0,3,11,3 (3ct 0st),0.411,Australia
GM Ritchie (1982-1987),48,14,14,0,0,14,2 (2ct 0st),0.291,Australia
RJ Bright (1977-1986),42,13,13,0,0,13,1 (1ct 0st),0.309,Australia
HL Collins (1920-1926),35,13,13,0,0,13,2 (2ct 0st),0.371,Australia
JHW Fingleton (1932-1938),33,13,13,0,0,13,2 (2ct 0st),0.393,Australia
RJ Harris (2010-2015),52,13,13,0,0,13,2 (2ct 0st),0.25,Australia
AMJ Hilditch (1979-1985),28,13,13,0,0,13,2 (2ct 0st),0.464,Australia
AF Kippax (1925-1934),43,13,13,0,0,13,1 (1ct 0st),0.302,Australia
GE Palmer (1880-1886),30,13,13,0,0,13,2 (2ct 0st),0.433,Australia
CS Serjeant (1977-1978),22,13,13,0,0,13,3 (3ct 0st),0.59,Australia
DF Whatmore (1979-1979),11,13,13,0,0,13,4 (4ct 0st),1.181,Australia
J Worrall (1885-1899),19,13,13,0,0,13,3 (3ct 0st),0.684,Australia
TJE Andrews (1921-1926),28,12,12,0,0,12,2 (2ct 0st),0.428,Australia
W Bardsley (1909-1926),74,12,12,0,0,12,1 (1ct 0st),0.162,Australia
W Bruce (1885-1895),24,12,12,0,0,12,3 (3ct 0st),0.5,Australia
DW Hookes (1977-1985),42,12,12,0,0,12,2 (2ct 0st),0.285,Australia
WP Howell (1898-1904),33,12,12,0,0,12,2 (2ct 0st),0.363,Australia
SP Jones (1882-1888),21,12,12,0,0,12,2 (2ct 0st),0.571,Australia
MRJ Veletta (1987-1990),14,12,12,0,0,12,2 (2ct 0st),0.857,Australia
MHN Walker (1972-1977),64,12,12,0,0,12,1 (1ct 0st),0.187,Australia
CT Bancroft (2017-2018),15,11,11,0,0,11,2 (2ct 0st),0.733,Australia
AJY Hopkins (1902-1909),38,11,11,0,0,11,2 (2ct 0st),0.289,Australia
DS Lehmann (1998-2004),54,11,11,0,0,11,1 (1ct 0st),0.203,Australia
FR Spofforth (1877-1887),31,11,11,0,0,11,3 (3ct 0st),0.354,Australia
JM Taylor (1920-1926),37,11,11,0,0,11,1 (1ct 0st),0.297,Australia
TW Wall (1929-1934),34,11,11,0,0,11,2 (2ct 0st),0.323,Australia
GJ Bailey (2013-2014),10,10,10,0,0,10,2 (2ct 0st),1,Australia
HF Boyle (1879-1884),23,10,10,0,0,10,1 (1ct 0st),0.434,Australia
J Dyson (1977-1984),56,10,10,0,0,10,2 (2ct 0st),0.178,Australia
HSTL Hendry (1921-1929),22,10,10,0,0,10,3 (3ct 0st),0.454,Australia
GF Lawson (1980-1989),81,10,10,0,0,10,2 (2ct 0st),0.123,Australia
PA McAlister (1904-1909),16,10,10,0,0,10,2 (2ct 0st),0.625,Australia
VS Ransford (1907-1912),39,10,10,0,0,10,2 (2ct 0st),0.256,Australia
PL Taylor (1987-1991),23,10,10,0,0,10,2 (2ct 0st),0.434,Australia
IC Davis (1973-1977),28,9,9,0,0,9,2 (2ct 0st),0.321,Australia
LE Favell (1954-1961),37,9,9,0,0,9,2 (2ct 0st),0.243,Australia
DW Fleming (1994-2001),38,9,9,0,0,9,2 (2ct 0st),0.236,Australia
NJN Hawke (1963-1968),50,9,9,0,0,9,1 (1ct 0st),0.18,Australia
BJ Hodge (2005-2008),12,9,9,0,0,9,2 (2ct 0st),0.75,Australia
LF Kline (1957-1961),25,9,9,0,0,9,2 (2ct 0st),0.36,Australia
CE McLeod (1894-1905),31,9,9,0,0,9,1 (1ct 0st),0.29,Australia
I Meckiff (1957-1963),36,9,9,0,0,9,2 (2ct 0st),0.25,Australia
TM Moody (1989-1992),13,9,9,0,0,9,2 (2ct 0st),0.692,Australia
PM Toohey (1977-1980),28,9,9,0,0,9,2 (2ct 0st),0.321,Australia
MG Bevan (1994-1998),36,8,8,0,0,8,2 (2ct 0st),0.222,Australia
A Cotter (1904-1912),40,8,8,0,0,8,2 (2ct 0st),0.2,Australia
PJ Cummins (2011-2019),33,8,8,0,0,8,2 (2ct 0st),0.242,Australia
LS Darling (1933-1937),23,8,8,0,0,8,3 (3ct 0st),0.347,Australia
GJ Gilmour (1973-1977),29,8,8,0,0,8,2 (2ct 0st),0.275,Australia
FJ Laver (1899-1909),28,8,8,0,0,8,1 (1ct 0st),0.285,Australia
EL McCormick (1935-1938),22,8,8,0,0,8,2 (2ct 0st),0.363,Australia
MT Renshaw (2016-2018),21,8,8,0,0,8,1 (1ct 0st),0.38,Australia
HJH Scott (1884-1886),13,8,8,0,0,8,2 (2ct 0st),0.615,Australia
CTB Turner (1887-1895),30,8,8,0,0,8,2 (2ct 0st),0.266,Australia
R Edwards (1972-1975),39,7,7,0,0,7,2 (2ct 0st),0.179,Australia
AJ Finch (2018-2018),10,7,7,0,0,7,4 (4ct 0st),0.7,Australia
TW Garrett (1877-1888),34,7,7,0,0,7,1 (1ct 0st),0.205,Australia
BW Hilfenhaus (2009-2012),50,7,7,0,0,7,2 (2ct 0st),0.14,Australia
RM Hogg (1978-1984),69,7,7,0,0,7,1 (1ct 0st),0.101,Australia
PM Hornibrook (1929-1930),11,7,7,0,0,7,2 (2ct 0st),0.636,Australia
A Jackson (1929-1931),16,7,7,0,0,7,2 (2ct 0st),0.437,Australia
PA Jaques (2005-2008),22,7,7,0,0,7,2 (2ct 0st),0.318,Australia
ML Love (2002-2003),10,7,7,0,0,7,3 (3ct 0st),0.7,Australia
SJE Loxton (1948-1951),23,7,7,0,0,7,4 (4ct 0st),0.304,Australia
TJ Matthews (1912-1912),12,7,7,0,0,7,2 (2ct 0st),0.583,Australia
WJ O'Reilly (1932-1946),50,7,7,0,0,7,2 (2ct 0st),0.14,Australia
TR Veivers (1963-1967),38,7,7,0,0,7,2 (2ct 0st),0.184,Australia
WM Woodfull (1926-1934),65,7,7,0,0,7,2 (2ct 0st),0.107,Australia
RD Woolley (1983-1984),3,7,7,0,7,0,3 (3ct 0st),2.333,Australia
W Carkeek (1912-1912),9,6,6,0,6,0,2 (2ct 0st),0.666,Australia
WM Clark (1977-1979),18,6,6,0,0,6,1 (1ct 0st),0.333,Australia
AIC Dodemaide (1987-1992),17,6,6,0,0,6,2 (2ct 0st),0.352,Australia
PA Emery (1994-1994),2,6,5,1,5,0,5 (4ct 1st),3,Australia
DRA Gehrs (1904-1911),11,6,6,0,0,6,2 (2ct 0st),0.545,Australia
MS Harris (2018-2019),7,6,6,0,0,6,2 (2ct 0st),0.857,Australia
TP Horan (1877-1885),28,6,6,0,0,6,1 (1ct 0st),0.214,Australia
HV Hordern (1911-1912),13,6,6,0,0,6,2 (2ct 0st),0.461,Australia
MF Kent (1981-1981),6,6,6,0,0,6,3 (3ct 0st),1,Australia
PS McDonnell (1880-1888),34,6,6,0,0,6,2 (2ct 0st),0.176,Australia
TBA May (1987-1995),46,6,6,0,0,6,1 (1ct 0st),0.13,Australia
CR Miller (1998-2001),34,6,6,0,0,6,1 (1ct 0st),0.176,Australia
FM Misson (1960-1961),10,6,6,0,0,6,2 (2ct 0st),0.6,Australia
LJ Nash (1932-1937),4,6,6,0,0,6,2 (2ct 0st),1.5,Australia
BA Barnett (1938-1938),6,5,3,2,3,0,3 (2ct 1st),0.833,Australia
MJ Bennett (1984-1985),5,5,5,0,0,5,1 (1ct 0st),1,Australia
WM Darling (1978-1979),25,5,5,0,0,5,2 (2ct 0st),0.2,Australia
E Evans (1881-1886),10,5,5,0,0,5,2 (2ct 0st),0.5,Australia
EW Freeman (1968-1970),21,5,5,0,0,5,1 (1ct 0st),0.238,Australia
TM Head (2018-2019),11,5,5,0,0,5,2 (2ct 0st),0.454,Australia
RG Holland (1984-1986),18,5,5,0,0,5,2 (2ct 0st),0.277,Australia
TJ Jenner (1970-1975),18,5,5,0,0,5,2 (2ct 0st),0.277,Australia
CB Jennings (1912-1912),9,5,5,0,0,5,2 (2ct 0st),0.555,Australia
JW Martin (1960-1967),16,5,5,0,0,5,3 (3ct 0st),0.312,Australia
HH Massie (1881-1885),17,5,5,0,0,5,1 (1ct 0st),0.294,Australia
GJ Maxwell (2013-2017),12,5,5,0,0,5,2 (2ct 0st),0.416,Australia
WE Midwinter (1877-1887),15,5,5,0,0,5,2 (2ct 0st),0.333,Australia
AD Ogilvie (1977-1978),10,5,5,0,0,5,1 (1ct 0st),0.5,Australia
PI Philpott (1965-1966),15,5,5,0,0,5,2 (2ct 0st),0.333,Australia
RJ Quiney (2012-2012),4,5,5,0,0,5,2 (2ct 0st),1.25,Australia
BA Reid (1985-1992),46,5,5,0,0,5,1 (1ct 0st),0.108,Australia
KE Rigg (1931-1937),16,5,5,0,0,5,1 (1ct 0st),0.312,Australia
DT Ring (1948-1953),26,5,5,0,0,5,1 (1ct 0st),0.192,Australia
JV Saunders (1902-1908),27,5,5,0,0,5,2 (2ct 0st),0.185,Australia
DM Wellham (1981-1987),10,5,5,0,0,5,2 (2ct 0st),0.5,Australia
EL a'Beckett (1928-1932),8,4,4,0,0,4,2 (2ct 0st),0.5,Australia
SR Clark (2006-2009),48,4,4,0,0,4,1 (1ct 0st),0.083,Australia
AJ Doolan (2014-2014),8,4,4,0,0,4,2 (2ct 0st),0.5,Australia
JJ Ferris (1887-1890),14,4,4,0,0,4,1 (1ct 0st),0.285,Australia
GR Hazlitt (1907-1912),15,4,4,0,0,4,1 (1ct 0st),0.266,Australia
RJ Inverarity (1968-1972),12,4,4,0,0,4,2 (2ct 0st),0.333,Australia
BP Julian (1993-1995),14,4,4,0,0,4,1 (1ct 0st),0.285,Australia
JJ Krejza (2008-2008),4,4,4,0,0,4,3 (3ct 0st),1,Australia
M Labuschagne (2018-2019),5,4,4,0,0,4,2 (2ct 0st),0.8,Australia
TR McKibbin (1895-1898),10,4,4,0,0,4,2 (2ct 0st),0.4,Australia
SP O'Donnell (1985-1985),10,4,4,0,0,4,2 (2ct 0st),0.4,Australia
RK Oxenham (1928-1931),14,4,4,0,0,4,1 (1ct 0st),0.285,Australia
JL Pattinson (2011-2016),32,4,4,0,0,4,1 (1ct 0st),0.125,Australia
CE Pellew (1920-1921),20,4,4,0,0,4,1 (1ct 0st),0.2,Australia
RD Robinson (1977-1977),5,4,4,0,0,4,1 (1ct 0st),0.8,Australia
MW Sievers (1936-1937),5,4,4,0,0,4,2 (2ct 0st),0.8,Australia
PR Sleep (1979-1990),23,4,4,0,0,4,1 (1ct 0st),0.173,Australia
ERH Toshack (1946-1948),24,4,4,0,0,4,1 (1ct 0st),0.166,Australia
AE Trott (1895-1895),6,4,4,0,0,4,3 (3ct 0st),0.666,Australia
WJ Whitty (1909-1912),25,4,4,0,0,4,1 (1ct 0st),0.16,Australia
JM Wiener (1979-1980),10,4,4,0,0,4,2 (2ct 0st),0.4,Australia
BA Williams (2003-2004),8,4,4,0,0,4,2 (2ct 0st),0.5,Australia
CL Badcock (1936-1938),11,3,3,0,0,3,1 (1ct 0st),0.272,Australia
JH de Courcy (1953-1953),5,3,3,0,0,3,2 (2ct 0st),0.6,Australia
B Dooland (1947-1948),6,3,3,0,0,3,1 (1ct 0st),0.5,Australia
JB Gannon (1977-1978),5,3,3,0,0,3,2 (2ct 0st),0.6,Australia
H Graham (1893-1896),11,3,3,0,0,3,1 (1ct 0st),0.272,Australia
NM Hauritz (2004-2010),33,3,3,0,0,3,1 (1ct 0st),0.09,Australia
JD Higgs (1978-1981),39,3,3,0,0,3,1 (1ct 0st),0.076,Australia
TV Hohns (1989-1989),13,3,3,0,0,3,1 (1ct 0st),0.23,Australia
AG Hurst (1974-1979),22,3,3,0,0,3,1 (1ct 0st),0.136,Australia
H Ironmonger (1928-1933),28,3,3,0,0,3,2 (2ct 0st),0.107,Australia
TJ Laughlin (1978-1978),6,3,3,0,0,3,2 (2ct 0st),0.5,Australia
HSB Love (1933-1933),2,3,3,0,3,0,3 (3ct 0st),1.5,Australia
JJ Lyons (1887-1897),25,3,3,0,0,3,1 (1ct 0st),0.12,Australia
EA McDonald (1921-1921),22,3,3,0,0,3,1 (1ct 0st),0.136,Australia
RW McLeod (1892-1893),10,3,3,0,0,3,1 (1ct 0st),0.3,Australia
GA Manou (2009-2009),1,3,3,0,3,0,3 (3ct 0st),3,Australia
LC Mayne (1965-1970),12,3,3,0,0,3,1 (1ct 0st),0.25,Australia
HC Nitschke (1931-1931),4,3,3,0,0,3,1 (1ct 0st),0.75,Australia
LPJ O'Brien (1932-1936),9,3,3,0,0,3,2 (2ct 0st),0.333,Australia
JDA O'Connor (1908-1909),8,3,3,0,0,3,1 (1ct 0st),0.375,Australia
G Thomas (1965-1966),15,3,3,0,0,3,1 (1ct 0st),0.2,Australia
NFD Thomson (1877-1877),4,3,3,0,0,3,2 (2ct 0st),0.75,Australia
JW Trumble (1885-1886),11,3,3,0,0,3,2 (2ct 0st),0.272,Australia
G Alexander (1880-1884),4,2,2,0,0,2,1 (1ct 0st),0.5,Australia
RC Allen (1887-1887),2,2,2,0,0,2,2 (2ct 0st),1,Australia
JM Bird (2012-2017),17,2,2,0,0,2,1 (1ct 0st),0.117,Australia
DD Blackie (1928-1929),6,2,2,0,0,2,2 (2ct 0st),0.333,Australia
DE Bollinger (2009-2010),23,2,2,0,0,2,1 (1ct 0st),0.086,Australia
NW Bracken (2003-2005),10,2,2,0,0,2,1 (1ct 0st),0.2,Australia
EH Bromley (1933-1934),3,2,2,0,0,2,1 (1ct 0st),0.666,Australia
FJ Burton (1887-1888),4,2,1,1,0,1,1 (1ct 0st),0.5,Australia
PH Carlson (1979-1979),4,2,2,0,0,2,1 (1ct 0st),0.5,Australia
B Casson (2008-2008),2,2,2,0,0,2,2 (2ct 0st),1,Australia
TM Chappell (1981-1981),6,2,2,0,0,2,1 (1ct 0st),0.333,Australia
BB Cooper (1877-1877),2,2,2,0,0,2,2 (2ct 0st),1,Australia
TA Copeland (2011-2011),6,2,2,0,0,2,1 (1ct 0st),0.333,Australia
ID Craig (1953-1958),20,2,2,0,0,2,1 (1ct 0st),0.1,Australia
XJ Doherty (2010-2013),6,2,2,0,0,2,2 (2ct 0st),0.333,Australia
H Donnan (1892-1896),9,2,2,0,0,2,1 (1ct 0st),0.222,Australia
CJ Eady (1896-1902),4,2,2,0,0,2,1 (1ct 0st),0.5,Australia
SH Emery (1912-1912),5,2,2,0,0,2,1 (1ct 0st),0.4,Australia
JR Hammond (1973-1973),10,2,2,0,0,2,2 (2ct 0st),0.2,Australia
JC Hill (1953-1955),5,2,2,0,0,2,1 (1ct 0st),0.4,Australia
DE Hoare (1961-1961),2,2,2,0,0,2,1 (1ct 0st),1,Australia
TG Hogan (1983-1984),11,2,2,0,0,2,1 (1ct 0st),0.181,Australia
A Hurwood (1930-1931),4,2,2,0,0,2,2 (2ct 0st),0.5,Australia
JB Iverson (1950-1951),10,2,2,0,0,2,1 (1ct 0st),0.2,Australia
LJ Johnson (1948-1948),2,2,2,0,0,2,2 (2ct 0st),1,Australia
TK Kendall (1877-1877),4,2,2,0,0,2,1 (1ct 0st),0.5,Australia
AB McDonald (2009-2009),7,2,2,0,0,2,1 (1ct 0st),0.285,Australia
PG McShane (1885-1888),5,2,2,0,0,2,1 (1ct 0st),0.4,Australia
NJ Maddinson (2016-2016),6,2,2,0,0,2,1 (1ct 0st),0.333,Australia
JN Maguire (1983-1984),5,2,2,0,0,2,2 (2ct 0st),0.4,Australia
AL Mann (1977-1978),7,2,2,0,0,2,1 (1ct 0st),0.285,Australia
ER Mayne (1912-1921),7,2,2,0,0,2,2 (2ct 0st),0.285,Australia
SA Muller (1999-1999),4,2,2,0,0,2,1 (1ct 0st),0.5,Australia
LS Pascoe (1977-1982),27,2,2,0,0,2,1 (1ct 0st),0.074,Australia
CG Rackemann (1982-1991),20,2,2,0,0,2,1 (1ct 0st),0.1,Australia
DA Renneberg (1966-1968),15,2,2,0,0,2,1 (1ct 0st),0.133,Australia
BK Shepherd (1963-1965),18,2,2,0,0,2,1 (1ct 0st),0.111,Australia
DJ Sincock (1964-1966),5,2,2,0,0,2,2 (2ct 0st),0.4,Australia
GB Stevens (1959-1960),8,2,2,0,0,2,1 (1ct 0st),0.25,Australia
FH Walters (1885-1885),1,2,2,0,0,2,2 (2ct 0st),2,Australia
WJ Watson (1955-1955),7,2,2,0,0,2,1 (1ct 0st),0.285,Australia
MR Whitney (1981-1992),24,2,2,0,0,2,1 (1ct 0st),0.083,Australia
J Angel (1993-1995),7,1,1,0,0,1,1 (1ct 0st),0.142,Australia
JE Barrett (1890-1890),4,1,1,0,0,1,1 (1ct 0st),0.25,Australia
MA Beer (2011-2012),3,1,1,0,0,1,1 (1ct 0st),0.333,Australia
IW Callen (1978-1978),2,1,1,0,0,1,1 (1ct 0st),0.5,Australia
GD Campbell (1989-1990),8,1,1,0,0,1,1 (1ct 0st),0.125,Australia
DJ Colley (1972-1972),6,1,1,0,0,1,1 (1ct 0st),0.166,Australia
WH Cooper (1881-1884),4,1,1,0,0,1,1 (1ct 0st),0.25,Australia
JT Cottam (1887-1887),2,1,1,0,0,1,1 (1ct 0st),0.5,Australia
WPA Crawford (1956-1956),8,1,1,0,0,1,1 (1ct 0st),0.125,Australia
G Dymock (1974-1980),35,1,1,0,0,1,1 (1ct 0st),0.028,Australia
JD Edwards (1888-1888),4,1,1,0,0,1,1 (1ct 0st),0.25,Australia
BC Francis (1972-1972),6,1,1,0,0,1,1 (1ct 0st),0.166,Australia
RA Gaunt (1958-1964),5,1,1,0,0,1,1 (1ct 0st),0.2,Australia
WF Giffen (1887-1892),5,1,1,0,0,1,1 (1ct 0st),0.2,Australia
EJ Gregory (1877-1877),2,1,1,0,0,1,1 (1ct 0st),0.5,Australia
RG Gregory (1937-1937),4,1,1,0,0,1,1 (1ct 0st),0.25,Australia
RA Hamence (1947-1948),6,1,1,0,0,1,1 (1ct 0st),0.166,Australia
J Harry (1895-1895),2,1,1,0,0,1,1 (1ct 0st),0.5,Australia
MJ Hartigan (1908-1908),4,1,1,0,0,1,1 (1ct 0st),0.25,Australia
JW Hastings (2012-2012),2,1,1,0,0,1,1 (1ct 0st),0.5,Australia
MC Henriques (2013-2016),7,1,1,0,0,1,1 (1ct 0st),0.142,Australia
PA Hibbert (1977-1977),2,1,1,0,0,1,1 (1ct 0st),0.5,Australia
GB Hogg (1996-2008),14,1,1,0,0,1,1 (1ct 0st),0.071,Australia
JM Holland (2016-2018),8,1,1,0,0,1,1 (1ct 0st),0.125,Australia
WA Hunt (1932-1932),2,1,1,0,0,1,1 (1ct 0st),0.5,Australia
TJD Kelly (1877-1879),4,1,1,0,0,1,1 (1ct 0st),0.25,Australia
RB Kerr (1985-1985),4,1,1,0,0,1,1 (1ct 0st),0.25,Australia
SG Law (1995-1995),2,1,1,0,0,1,1 (1ct 0st),0.5,Australia
PK Lee (1931-1933),4,1,1,0,0,1,1 (1ct 0st),0.25,Australia
J McIlwraith (1886-1886),1,1,1,0,0,1,1 (1ct 0st),1,Australia
CJ McKay (2009-2009),2,1,1,0,0,1,1 (1ct 0st),0.5,Australia
RAL Massie (1972-1973),12,1,1,0,0,1,1 (1ct 0st),0.083,Australia
CD Matthews (1986-1988),6,1,1,0,0,1,1 (1ct 0st),0.166,Australia
KD Meuleman (1946-1946),2,1,1,0,0,1,1 (1ct 0st),0.5,Australia
H Moses (1887-1895),12,1,1,0,0,1,1 (1ct 0st),0.083,Australia
WH Moule (1880-1880),2,1,1,0,0,1,1 (1ct 0st),0.5,Australia
G Noblet (1950-1953),6,1,1,0,0,1,1 (1ct 0st),0.166,Australia
JC Reedman (1894-1894),2,1,1,0,0,1,1 (1ct 0st),0.5,Australia
AJ Richardson (1924-1926),14,1,1,0,0,1,1 (1ct 0st),0.071,Australia
GR Robertson (1998-1998),7,1,1,0,0,1,1 (1ct 0st),0.142,Australia
RH Robinson (1936-1936),2,1,1,0,0,1,1 (1ct 0st),0.5,Australia
GF Rorke (1959-1959),8,1,1,0,0,1,1 (1ct 0st),0.125,Australia
CJ Sayers (2018-2018),2,1,1,0,0,1,1 (1ct 0st),0.5,Australia
RHD Sellers (1964-1964),1,1,1,0,0,1,1 (1ct 0st),1,Australia
SB Smith (1984-1984),6,1,1,0,0,1,1 (1ct 0st),0.166,Australia
SW Tait (2005-2008),6,1,1,0,0,1,1 (1ct 0st),0.166,Australia
JPF Travers (1902-1902),2,1,1,0,0,1,1 (1ct 0st),0.5,Australia
MG Waite (1938-1938),3,1,1,0,0,1,1 (1ct 0st),0.333,Australia
FA Ward (1936-1938),6,1,1,0,0,1,1 (1ct 0st),0.166,Australia
JR Watkins (1973-1973),2,1,1,0,0,1,1 (1ct 0st),0.5,Australia
GD Watson (1966-1972),9,1,1,0,0,1,1 (1ct 0st),0.111,Australia
CL White (2008-2008),8,1,1,0,0,1,1 (1ct 0st),0.125,Australia
AJ Woodcock (1974-1974),2,1,1,0,0,1,1 (1ct 0st),0.5,Australia
SMJ Woods (1888-1888),4,1,1,0,0,1,1 (1ct 0st),0.25,Australia
AC Agar (2013-2017),8,0,0,0,0,0,0,0,Australia
HH Alexander (1933-1933),2,0,0,0,0,0,0,0,Australia
FE Allan (1879-1879),2,0,0,0,0,0,0,0,Australia
PJ Allan (1965-1965),2,0,0,0,0,0,0,0,Australia
KA Archer (1950-1951),10,0,0,0,0,0,0,0,Australia
C Bannerman (1877-1879),6,0,0,0,0,0,0,0,Australia
GR Beard (1980-1980),4,0,0,0,0,0,0,0,Australia
J Benaud (1972-1973),6,0,0,0,0,0,0,0,Australia
EJK Burn (1890-1890),4,0,0,0,0,0,0,0,Australia
ST Callaway (1892-1895),6,0,0,0,0,0,0,0,Australia
HWR Cartwright (2017-2017),4,0,0,0,0,0,0,0,Australia
PC Charlton (1890-1890),4,0,0,0,0,0,0,0,Australia
A Coningham (1894-1895),2,0,0,0,0,0,0,0,Australia
SH Cook (1997-1997),4,0,0,0,0,0,0,0,Australia
GE Corling (1964-1964),8,0,0,0,0,0,0,0,Australia
G Coulthard (1882-1882),2,0,0,0,0,0,0,0,Australia
DJ Cullen (2006-2006),2,0,0,0,0,0,0,0,Australia
AC Dale (1998-1999),4,0,0,0,0,0,0,0,Australia
SP Davis (1986-1986),1,0,0,0,0,0,0,0,Australia
AR Dell (1971-1974),4,0,0,0,0,0,0,0,Australia
JRF Duncan (1971-1971),2,0,0,0,0,0,0,0,Australia
KH Eastwood (1971-1971),2,0,0,0,0,0,0,0,Australia
HI Ebeling (1934-1934),2,0,0,0,0,0,0,0,Australia
WJ Edwards (1974-1974),6,0,0,0,0,0,0,0,Australia
JP Faulkner (2013-2013),2,0,0,0,0,0,0,0,Australia
CJ Ferguson (2016-2016),1,0,0,0,0,0,0,0,Australia
LO Fleetwood-Smith (1935-1938),18,0,0,0,0,0,0,0,Australia
FAW Freer (1946-1946),2,0,0,0,0,0,0,0,Australia
PR George (2010-2010),2,0,0,0,0,0,0,0,Australia
DR Gilbert (1985-1986),13,0,0,0,0,0,0,0,Australia
DW Gregory (1877-1879),6,0,0,0,0,0,0,0,Australia
TU Groube (1880-1880),2,0,0,0,0,0,0,0,Australia
CEJ Guest (1963-1963),2,0,0,0,0,0,0,0,Australia
AEV Hartkopf (1925-1925),2,0,0,0,0,0,0,0,Australia
MR Harvey (1947-1947),2,0,0,0,0,0,0,0,Australia
JR Hodges (1877-1877),4,0,0,0,0,0,0,0,Australia
LR Joslin (1968-1968),2,0,0,0,0,0,0,0,Australia
BE McGain (2009-2009),1,0,0,0,0,0,0,0,Australia
PE McIntyre (1995-1996),4,0,0,0,0,0,0,0,Australia
JW McLaren (1912-1912),2,0,0,0,0,0,0,0,Australia
MF Malone (1977-1977),2,0,0,0,0,0,0,0,Australia
AP Marr (1885-1885),2,0,0,0,0,0,0,0,Australia
JM Mennie (2016-2016),1,0,0,0,0,0,0,0,Australia
RB Minnett (1911-1912),16,0,0,0,0,0,0,0,Australia
J Moroney (1949-1952),13,0,0,0,0,0,0,0,Australia
S Morris (1885-1885),2,0,0,0,0,0,0,0,Australia
JK Moss (1979-1979),2,0,0,0,0,0,0,0,Australia
HA Musgrove (1885-1885),2,0,0,0,0,0,0,0,Australia
LE Nagel (1932-1932),2,0,0,0,0,0,0,0,Australia
MJ Nicholson (1998-1998),2,0,0,0,0,0,0,0,Australia
OE Nothling (1928-1928),2,0,0,0,0,0,0,0,Australia
SNJ O'Keefe (2014-2017),16,0,0,0,0,0,0,0,Australia
RL Park (1920-1921),2,0,0,0,0,0,0,0,Australia
WN Phillips (1992-1992),2,0,0,0,0,0,0,0,Australia
RJ Pope (1885-1885),2,0,0,0,0,0,0,0,Australia
WR Robertson (1885-1885),2,0,0,0,0,0,0,0,Australia
JW Rutherford (1956-1956),2,0,0,0,0,0,0,0,Australia
KN Slater (1959-1959),2,0,0,0,0,0,0,0,Australia
J Slight (1880-1880),2,0,0,0,0,0,0,0,Australia
DBM Smith (1912-1912),3,0,0,0,0,0,0,0,Australia
GR Thoms (1952-1952),2,0,0,0,0,0,0,0,Australia
AL Thomson (1970-1971),8,0,0,0,0,0,0,0,Australia
HM Thurlow (1932-1932),2,0,0,0,0,0,0,0,Australia
GE Tribe (1946-1947),6,0,0,0,0,0,0,0,Australia
JW Wilson (1956-1956),2,0,0,0,0,0,0,0,Australia
P Wilson (1998-1998),1,0,0,0,0,0,0,0,Australia
S Young (1997-1997),2,0,0,0,0,0,0,0,Australia
MV Boucher (1997-2012),279,553,530,23,530,0,6 (6ct 0st),1.982,
AB de Villiers (2004-2018),217,227,222,5,101,121,6 (6ct 0st),1.046,
JH Kallis (1995-2013),313,196,196,0,0,196,4 (4ct 0st),0.626,
GC Smith (2002-2014),223,166,166,0,0,166,5 (5ct 0st),0.744,
Q de Kock (2014-2019),70,160,151,9,151,0,5 (5ct 0st),2.285,
DJ Richardson (1992-1998),77,152,150,2,150,0,5 (5ct 0st),1.974,
JHB Waite (1951-1965),94,141,124,17,124,0,4 (4ct 0st),1.5,
HM Amla (2004-2019),228,107,107,0,0,107,3 (3ct 0st),0.469,
HH Gibbs (1996-2008),173,94,94,0,0,94,4 (4ct 0st),0.543,
G Kirsten (1993-2004),191,83,83,0,0,83,4 (4ct 0st),0.434,
SM Pollock (1995-2008),205,72,72,0,0,72,3 (3ct 0st),0.351,
DJ Cullinan (1993-2001),130,67,67,0,0,67,3 (3ct 0st),0.515,
DT Lindsay (1963-1970),36,59,57,2,54,3,6 (6ct 0st),1.638,
D Elgar (2012-2019),99,56,56,0,0,56,2 (2ct 0st),0.565,
B Mitchell (1929-1949),71,56,56,0,0,56,4 (4ct 0st),0.788,
ND McKenzie (2000-2009),111,54,54,0,0,54,3 (3ct 0st),0.486,
HB Cameron (1927-1935),45,51,39,12,39,0,4 (2ct 2st),1.133,
F du Plessis (2012-2019),105,49,49,0,0,49,2 (2ct 0st),0.466,
BM McMillan (1992-1998),70,49,49,0,0,49,3 (3ct 0st),0.7,
TL Goddard (1955-1970),77,48,48,0,0,48,4 (4ct 0st),0.623,
AG Prince (2002-2011),124,47,47,0,0,47,3 (3ct 0st),0.379,
AW Nourse (1902-1924),78,43,43,0,0,43,4 (4ct 0st),0.551,
WR Endean (1951-1958),52,41,41,0,3,38,3 (3ct 0st),0.788,
JP Duminy (2008-2017),83,38,38,0,0,38,3 (3ct 0st),0.457,
AC Hudson (1992-1998),63,36,36,0,0,36,4 (4ct 0st),0.571,
PW Sherwell (1906-1911),24,36,20,16,20,0,3 (3ct 0st),1.5,
EJ Barlow (1961-1970),58,35,35,0,0,35,3 (3ct 0st),0.603,
L Klusener (1996-2004),92,34,34,0,0,34,2 (2ct 0st),0.369,
JN Rhodes (1992-2000),96,34,34,0,0,34,2 (2ct 0st),0.354,
WJ Cronje (1992-2000),128,33,33,0,0,33,2 (2ct 0st),0.257,
TA Ward (1912-1924),37,32,19,13,19,0,3 (3ct 0st),0.864,
AN Petersen (2010-2015),68,31,31,0,0,31,2 (2ct 0st),0.455,
PR Adams (1995-2004),85,29,29,0,0,29,3 (3ct 0st),0.341,
JA Rudolph (2003-2012),92,29,29,0,0,29,2 (2ct 0st),0.315,
HH Dippenaar (1999-2007),72,27,27,0,0,27,2 (2ct 0st),0.375,
CL Vincent (1927-1935),43,27,27,0,0,27,2 (2ct 0st),0.627,
HJ Tayfield (1949-1960),67,26,26,0,0,26,2 (2ct 0st),0.388,
M Morkel (2006-2018),160,25,25,0,0,25,2 (2ct 0st),0.156,
M Ntini (1998-2009),192,25,25,0,0,25,1 (1ct 0st),0.13,
SJ Snooke (1906-1923),47,24,24,0,0,24,2 (2ct 0st),0.51,
RA McLean (1951-1964),72,23,23,0,0,23,2 (2ct 0st),0.319,
DW Steyn (2004-2019),169,23,23,0,0,23,2 (2ct 0st),0.136,
GA Faulkner (1906-1924),44,20,20,0,0,20,3 (3ct 0st),0.454,
AEE Vogler (1906-1911),28,20,20,0,0,20,4 (4ct 0st),0.714,
K Rabada (2015-2019),64,19,19,0,0,19,2 (2ct 0st),0.296,
HW Taylor (1912-1932),69,19,19,0,0,19,2 (2ct 0st),0.275,
N Boje (2000-2006),80,18,18,0,0,18,2 (2ct 0st),0.225,
AA Donald (1992-2002),134,18,18,0,0,18,2 (2ct 0st),0.134,
DJ McGlew (1951-1962),63,18,18,0,0,18,3 (3ct 0st),0.285,
RO Schwarz (1906-1912),36,18,18,0,0,18,2 (2ct 0st),0.5,
VD Philander (2011-2019),105,17,17,0,0,17,1 (1ct 0st),0.161,
RG Pollock (1963-1970),44,17,17,0,0,17,2 (2ct 0st),0.386,
WW Wade (1938-1950),18,17,15,2,15,0,3 (3ct 0st),0.944,
T Bavuma (2014-2019),60,16,16,0,0,16,2 (2ct 0st),0.266,
AJ Hall (2002-2007),39,16,16,0,0,16,2 (2ct 0st),0.41,
PL Harris (2007-2011),69,16,16,0,0,16,2 (2ct 0st),0.231,
A Nel (2001-2008),69,16,16,0,0,16,2 (2ct 0st),0.231,
PNF Mansell (1951-1955),24,15,15,0,0,15,2 (2ct 0st),0.625,
EAB Rowan (1935-1951),43,14,14,0,0,14,2 (2ct 0st),0.325,
CB van Ryneveld (1951-1958),35,14,14,0,0,14,2 (2ct 0st),0.4,
HD Bromfield (1961-1965),18,13,13,0,0,13,2 (2ct 0st),0.722,
JE Cheetham (1949-1955),43,13,13,0,0,13,3 (3ct 0st),0.302,
DPB Morkel (1927-1932),28,13,13,0,0,13,2 (2ct 0st),0.464,
DJ Vilas (2015-2016),10,13,13,0,13,0,4 (4ct 0st),1.3,
RH Catterall (1922-1931),41,12,12,0,0,12,3 (3ct 0st),0.292,
GM Fullerton (1947-1951),13,12,10,2,6,4,4 (3ct 1st),0.923,
EA Halliwell (1892-1902),13,12,10,2,10,0,2 (2ct 0st),0.923,
AD Nourse (1935-1951),57,12,12,0,0,12,2 (2ct 0st),0.21,
JC Watkins (1949-1957),28,12,12,0,0,12,3 (3ct 0st),0.428,
KC Wessels (1992-1994),29,12,12,0,0,12,2 (2ct 0st),0.413,
AM Bacher (1996-1999),35,11,11,0,0,11,2 (2ct 0st),0.314,
PS de Villiers (1993-1998),35,11,11,0,0,11,2 (2ct 0st),0.314,
AK Markram (2017-2019),28,11,11,0,0,11,3 (3ct 0st),0.392,
PL van der Merwe (1963-1967),30,11,11,0,0,11,2 (2ct 0st),0.366,
M van Jaarsveld (2002-2004),17,11,11,0,0,11,2 (2ct 0st),0.647,
A Bacher (1965-1970),24,10,10,0,0,10,2 (2ct 0st),0.416,
KC Bland (1961-1966),40,10,10,0,0,10,2 (2ct 0st),0.25,
OC Dawson (1947-1949),17,10,10,0,0,10,3 (3ct 0st),0.588,
RE Grieveson (1939-1939),4,10,7,3,7,0,3 (3ct 0st),2.5,
GC White (1906-1912),31,10,10,0,0,10,2 (2ct 0st),0.322,
JM Blanckenberg (1913-1924),29,9,9,0,0,9,2 (2ct 0st),0.31,
HJ Keith (1953-1957),16,9,9,0,0,9,2 (2ct 0st),0.562,
EP Nupen (1921-1936),32,9,9,0,0,9,2 (2ct 0st),0.281,
RJ Peterson (2003-2014),29,9,9,0,0,9,2 (2ct 0st),0.31,
PM Pollock (1961-1970),54,9,9,0,0,9,2 (2ct 0st),0.166,
JH Sinclair (1896-1911),46,9,9,0,0,9,1 (1ct 0st),0.195,
L Tuckett (1947-1949),17,9,9,0,0,9,2 (2ct 0st),0.529,
T Campbell (1910-1912),9,8,7,1,7,0,2 (2ct 0st),0.888,
HG Deane (1924-1931),27,8,8,0,0,8,2 (2ct 0st),0.296,
TB de Bruyn (2017-2019),15,8,8,0,0,8,4 (4ct 0st),0.533,
PS Heine (1955-1962),28,8,8,0,0,8,2 (2ct 0st),0.285,
Imran Tahir (2011-2015),38,8,8,0,0,8,1 (1ct 0st),0.21,
PN Kirsten (1992-1994),23,8,8,0,0,8,3 (3ct 0st),0.347,
ACB Langton (1935-1939),23,8,8,0,0,8,1 (1ct 0st),0.347,
Q McMillan (1929-1932),23,8,8,0,0,8,2 (2ct 0st),0.347,
A Melville (1938-1949),20,8,8,0,0,8,2 (2ct 0st),0.4,
KJ Funston (1952-1958),34,7,7,0,0,7,2 (2ct 0st),0.205,
HR Lance (1962-1970),26,7,7,0,0,7,2 (2ct 0st),0.269,
CB Llewellyn (1896-1912),26,7,7,0,0,7,2 (2ct 0st),0.269,
AMB Rowan (1947-1951),28,7,7,0,0,7,2 (2ct 0st),0.25,
IJ Siedle (1928-1936),29,7,7,0,0,7,2 (2ct 0st),0.241,
PHJ Trimborn (1967-1970),8,7,7,0,0,7,2 (2ct 0st),0.875,
AJ Bell (1929-1935),27,6,6,0,0,6,1 (1ct 0st),0.222,
SC Cook (2016-2017),20,6,6,0,0,6,2 (2ct 0st),0.3,
CN McCarthy (1948-1951),26,6,6,0,0,6,1 (1ct 0st),0.23,
KA Maharaj (2016-2018),44,6,6,0,0,6,1 (1ct 0st),0.136,
JT Partridge (1963-1965),20,6,6,0,0,6,1 (1ct 0st),0.3,
DB Pithey (1963-1967),16,6,6,0,0,6,2 (2ct 0st),0.375,
TL Tsolekile (2004-2004),5,6,6,0,6,0,3 (3ct 0st),1.2,
S van Zyl (2014-2016),20,6,6,0,0,6,1 (1ct 0st),0.3,
XC Balaskas (1930-1939),14,5,5,0,0,5,1 (1ct 0st),0.357,
SH Curnow (1930-1932),11,5,5,0,0,5,3 (3ct 0st),0.454,
EL Dalton (1929-1939),26,5,5,0,0,5,2 (2ct 0st),0.192,
CE Eksteen (1993-2000),14,5,5,0,0,5,1 (1ct 0st),0.357,
CM Francois (1922-1923),10,5,5,0,0,5,3 (3ct 0st),0.5,
D Gamsy (1970-1970),4,5,5,0,5,0,3 (3ct 0st),1.25,
CMH Hathorn (1902-1911),23,5,5,0,0,5,1 (1ct 0st),0.217,
JD Lindsay (1947-1947),6,5,4,1,4,0,2 (1ct 1st),0.833,
CH Morris (2016-2017),8,5,5,0,0,5,2 (2ct 0st),0.625,
SJ Pegler (1910-1924),24,5,5,0,0,5,2 (2ct 0st),0.208,
PL Symcox (1993-1998),35,5,5,0,0,5,2 (2ct 0st),0.142,
KG Viljoen (1930-1949),46,5,5,0,0,5,1 (1ct 0st),0.108,
KJ Abbott (2013-2017),21,4,4,0,0,4,1 (1ct 0st),0.19,
NAT Adcock (1953-1962),48,4,4,0,0,4,1 (1ct 0st),0.083,
MK Elgie (1961-1962),6,4,4,0,0,4,2 (2ct 0st),0.666,
AE Hall (1923-1931),14,4,4,0,0,4,1 (1ct 0st),0.285,
M Hayward (1999-2004),31,4,4,0,0,4,1 (1ct 0st),0.129,
CR Matthews (1992-1995),33,4,4,0,0,4,2 (2ct 0st),0.121,
MG Melle (1950-1953),12,4,4,0,0,4,2 (2ct 0st),0.333,
S O'Linn (1960-1961),13,4,4,0,0,4,2 (2ct 0st),0.307,
HGO Owen-Smith (1929-1929),9,4,4,0,0,4,2 (2ct 0st),0.444,
DL Piedt (2014-2016),13,4,4,0,0,4,2 (2ct 0st),0.307,
MJ Procter (1967-1970),14,4,4,0,0,4,2 (2ct 0st),0.285,
GA Rowe (1896-1902),8,4,4,0,0,4,2 (2ct 0st),0.5,
DJ Terbrugge (1998-2004),14,4,4,0,0,4,1 (1ct 0st),0.285,
AJ Traicos (1970-1970),6,4,4,0,0,4,4 (4ct 0st),0.666,
HF Wade (1935-1936),15,4,4,0,0,4,1 (1ct 0st),0.266,
JW Zulch (1910-1921),30,4,4,0,0,4,1 (1ct 0st),0.133,
M Bisset (1899-1910),6,3,2,1,2,0,1 (1ct 0st),0.5,
J Botha (2006-2010),10,3,3,0,0,3,1 (1ct 0st),0.3,
PR Carlstein (1958-1964),15,3,3,0,0,3,1 (1ct 0st),0.2,
JAJ Christy (1929-1932),17,3,3,0,0,3,1 (1ct 0st),0.176,
RJ Crisp (1935-1936),14,3,3,0,0,3,1 (1ct 0st),0.214,
CAR Duckworth (1957-1957),4,3,3,0,0,3,1 (1ct 0st),0.75,
R Dumbrill (1965-1967),10,3,3,0,0,3,1 (1ct 0st),0.3,
ERH Fuller (1953-1958),12,3,3,0,0,3,1 (1ct 0st),0.25,
PAM Hands (1913-1924),10,3,3,0,0,3,2 (2ct 0st),0.3,
GAL Hearne (1922-1924),5,3,3,0,0,3,3 (3ct 0st),0.6,
P Hutchinson (1889-1889),3,3,3,0,0,3,2 (2ct 0st),1,
JM Kemp (2001-2005),8,3,3,0,0,3,1 (1ct 0st),0.375,
JJ Kotze (1902-1907),5,3,3,0,0,3,1 (1ct 0st),0.6,
NBF Mann (1947-1951),34,3,3,0,0,3,1 (1ct 0st),0.088,
DJ Meintjes (1923-1923),4,3,3,0,0,3,2 (2ct 0st),0.75,
ARA Murray (1952-1954),18,3,3,0,0,3,1 (1ct 0st),0.166,
C Newberry (1913-1914),7,3,3,0,0,3,3 (3ct 0st),0.428,
ES Newson (1930-1939),6,3,3,0,0,3,2 (2ct 0st),0.5,
F Nicholson (1935-1936),6,3,3,0,3,0,2 (2ct 0st),0.5,
WD Parnell (2010-2017),11,3,3,0,0,3,1 (1ct 0st),0.272,
AJ Pithey (1957-1965),32,3,3,0,0,3,1 (1ct 0st),0.093,
RM Poore (1896-1896),4,3,3,0,0,3,2 (2ct 0st),0.75,
BA Richards (1970-1970),8,3,3,0,0,3,1 (1ct 0st),0.375,
WA Shalders (1899-1907),23,3,3,0,0,3,1 (1ct 0st),0.13,
VI Smith (1947-1957),16,3,3,0,0,3,1 (1ct 0st),0.187,
LA Stricker (1910-1912),24,3,3,0,0,3,1 (1ct 0st),0.125,
LJ Tancred (1902-1913),26,3,3,0,0,3,1 (1ct 0st),0.115,
EA van der Merwe (1929-1936),3,3,3,0,3,0,2 (2ct 0st),1,
KA Walter (1961-1961),4,3,3,0,0,3,1 (1ct 0st),0.75,
OE Wynne (1948-1950),10,3,3,0,0,3,2 (2ct 0st),0.3,
R Beaumont (1912-1914),7,2,2,0,0,2,1 (1ct 0st),0.285,
DW Begbie (1948-1950),8,2,2,0,0,2,1 (1ct 0st),0.25,
WH Brann (1922-1923),6,2,2,0,0,2,1 (1ct 0st),0.333,
CP Carter (1912-1924),16,2,2,0,0,2,1 (1ct 0st),0.125,
JB Commins (1994-1995),6,2,2,0,0,2,1 (1ct 0st),0.333,
RR Dower (1899-1899),2,2,2,0,0,2,1 (1ct 0st),1,
JP Duminy (1927-1929),6,2,2,0,0,2,1 (1ct 0st),0.333,
JH du Preez (1967-1967),4,2,2,0,0,2,1 (1ct 0st),0.5,
WS Farrer (1962-1964),12,2,2,0,0,2,1 (1ct 0st),0.166,
JP Fellows-Smith (1960-1960),7,2,2,0,0,2,1 (1ct 0st),0.285,
CG Fichardt (1892-1896),3,2,2,0,0,2,1 (1ct 0st),0.666,
RA Gleeson (1896-1896),2,2,2,0,0,2,1 (1ct 0st),1,
R Graham (1899-1899),4,2,2,0,0,2,2 (2ct 0st),0.5,
F Hearne (1892-1896),5,2,2,0,0,2,1 (1ct 0st),0.4,
CW Henderson (2001-2002),14,2,2,0,0,2,1 (1ct 0st),0.142,
O Henry (1992-1993),5,2,2,0,0,2,2 (2ct 0st),0.4,
BL Irvine (1970-1970),8,2,2,0,0,2,1 (1ct 0st),0.25,
RK Kleinveldt (2012-2013),7,2,2,0,0,2,1 (1ct 0st),0.285,
CK Langeveldt (2005-2006),11,2,2,0,0,2,1 (1ct 0st),0.181,
GB Lawrence (1961-1962),10,2,2,0,0,2,2 (2ct 0st),0.2,
WH Milton (1889-1892),4,2,2,0,0,2,1 (1ct 0st),0.5,
L Ngidi (2018-2018),8,2,2,0,0,2,1 (1ct 0st),0.25,
AL Phehlukwayo (2017-2018),8,2,2,0,0,2,1 (1ct 0st),0.25,
JE Pothecary (1960-1960),6,2,2,0,0,2,1 (1ct 0st),0.333,
AW Powell (1899-1899),2,2,2,0,0,2,2 (2ct 0st),1,
HLE Promnitz (1927-1928),4,2,2,0,0,2,1 (1ct 0st),0.5,
JB Robertson (1935-1936),5,2,2,0,0,2,1 (1ct 0st),0.4,
A Rose-Innes (1889-1889),3,2,2,0,0,2,2 (2ct 0st),0.666,
TW Routledge (1892-1896),5,2,2,0,0,2,1 (1ct 0st),0.4,
BN Schultz (1992-1997),15,2,2,0,0,2,1 (1ct 0st),0.133,
MA Seymour (1963-1970),12,2,2,0,0,2,1 (1ct 0st),0.166,
GH Shepstone (1896-1899),3,2,2,0,0,2,2 (2ct 0st),0.666,
CJE Smith (1902-1902),6,2,2,0,0,2,2 (2ct 0st),0.333,
FW Smith (1889-1896),4,2,2,0,2,0,2 (2ct 0st),0.5,
SD Snooke (1907-1907),2,2,2,0,0,2,2 (2ct 0st),1,
RB Stewart (1889-1889),2,2,2,0,0,2,2 (2ct 0st),1,
AB Tancred (1889-1889),3,2,2,0,0,2,1 (1ct 0st),0.666,
LR Tuckett (1914-1914),2,2,2,0,0,2,2 (2ct 0st),1,
HD Ackerman (1998-1998),8,1,1,0,0,1,1 (1ct 0st),0.125,
JH Anderson (1902-1902),2,1,1,0,0,1,1 (1ct 0st),0.5,
HV Baumgartner (1913-1913),1,1,1,0,0,1,1 (1ct 0st),1,
JT Botten (1965-1965),6,1,1,0,0,1,1 (1ct 0st),0.166,
AW Briscoe (1935-1939),3,1,1,0,0,1,1 (1ct 0st),0.333,
CGD Burger (1958-1958),4,1,1,0,0,1,1 (1ct 0st),0.25,
HW Chapman (1914-1921),4,1,1,0,0,1,1 (1ct 0st),0.25,
GA Chevalier (1970-1970),2,1,1,0,0,1,1 (1ct 0st),0.5,
SK Coen (1927-1928),4,1,1,0,0,1,1 (1ct 0st),0.25,
JMM Commaille (1910-1928),19,1,1,0,0,1,1 (1ct 0st),0.052,
DP Conyngham (1923-1923),2,1,1,0,0,1,1 (1ct 0st),0.5,
AHC Cooper (1913-1913),1,1,1,0,0,1,1 (1ct 0st),1,
JL Cox (1913-1914),4,1,1,0,0,1,1 (1ct 0st),0.25,
M de Lange (2011-2012),4,1,1,0,0,1,1 (1ct 0st),0.25,
F de Wet (2009-2010),4,1,1,0,0,1,1 (1ct 0st),0.25,
CD Dixon (1914-1914),2,1,1,0,0,1,1 (1ct 0st),0.5,
OR Dunell (1889-1889),3,1,1,0,0,1,1 (1ct 0st),0.333,
JF du Toit (1892-1892),1,1,1,0,0,1,1 (1ct 0st),1,
S Elworthy (1998-2002),8,1,1,0,0,1,1 (1ct 0st),0.125,
HH Francis (1899-1899),4,1,1,0,0,1,1 (1ct 0st),0.25,
N Gordon (1938-1939),8,1,1,0,0,1,1 (1ct 0st),0.125,
CG Halse (1964-1964),6,1,1,0,0,1,1 (1ct 0st),0.166,
SR Harmer (2015-2015),8,1,1,0,0,1,1 (1ct 0st),0.125,
TA Harris (1947-1949),6,1,1,0,0,1,1 (1ct 0st),0.166,
DEJ Ironside (1953-1954),5,1,1,0,0,1,1 (1ct 0st),0.2,
SD Jack (1994-1995),4,1,1,0,0,1,1 (1ct 0st),0.25,
CL Johnson (1896-1896),1,1,1,0,0,1,1 (1ct 0st),1,
I Khan (2009-2009),2,1,1,0,0,1,1 (1ct 0st),0.5,
HG Kuhn (2017-2017),8,1,1,0,0,1,1 (1ct 0st),0.125,
AP Kuiper (1992-1992),2,1,1,0,0,1,1 (1ct 0st),0.5,
GFJ Liebenberg (1998-1998),10,1,1,0,0,1,1 (1ct 0st),0.1,
NV Lindsay (1921-1921),2,1,1,0,0,1,1 (1ct 0st),0.5,
WVS Ling (1921-1923),12,1,1,0,0,1,1 (1ct 0st),0.083,
AH McKinnon (1960-1967),16,1,1,0,0,1,1 (1ct 0st),0.062,
J Middleton (1896-1902),11,1,1,0,0,1,1 (1ct 0st),0.09,
CH Mills (1892-1892),1,1,1,0,0,1,1 (1ct 0st),1,
JD Nel (1949-1957),10,1,1,0,0,1,1 (1ct 0st),0.1,
M Ngam (2000-2001),5,1,1,0,0,1,1 (1ct 0st),0.2,
AL Ochse (1928-1929),6,1,1,0,0,1,1 (1ct 0st),0.166,
JL Ontong (2002-2004),4,1,1,0,0,1,1 (1ct 0st),0.25,
AW Palm (1927-1928),2,1,1,0,0,1,1 (1ct 0st),0.5,
DC Parkin (1892-1892),1,1,1,0,0,1,1 (1ct 0st),1,
COC Pearse (1910-1911),5,1,1,0,0,1,1 (1ct 0st),0.2,
NA Quinn (1929-1932),19,1,1,0,0,1,1 (1ct 0st),0.052,
SV Samuelson (1910-1910),2,1,1,0,0,1,1 (1ct 0st),0.5,
AW Seccull (1896-1896),1,1,1,0,0,1,1 (1ct 0st),1,
RP Snell (1992-1994),9,1,1,0,0,1,1 (1ct 0st),0.111,
WRT Solomon (1899-1899),2,1,1,0,0,1,1 (1ct 0st),0.5,
PC Strydom (2000-2000),4,1,1,0,0,1,1 (1ct 0st),0.25,
MJ Susskind (1924-1924),5,1,1,0,0,1,1 (1ct 0st),0.2,
GL Tapscott (1913-1913),1,1,1,0,0,1,1 (1ct 0st),1,
G Thornton (1902-1902),2,1,1,0,0,1,1 (1ct 0st),0.5,
LL Tsotsobe (2010-2011),9,1,1,0,0,1,1 (1ct 0st),0.111,
PGV van der Bijl (1938-1939),8,1,1,0,0,1,1 (1ct 0st),0.125,
CH Vintcent (1889-1892),4,1,1,0,0,1,1 (1ct 0st),0.25,
C Wesley (1960-1960),5,1,1,0,0,1,1 (1ct 0st),0.2,
PL Winslow (1950-1955),8,1,1,0,0,1,1 (1ct 0st),0.125,
M Zondeki (2003-2008),11,1,1,0,0,1,1 (1ct 0st),0.09,
WH Ashley (1889-1889),1,0,0,0,0,0,0,0,
GF Bissett (1927-1928),8,0,0,0,0,0,0,0,
EG Bock (1935-1935),2,0,0,0,0,0,0,0,
GE Bond (1938-1938),2,0,0,0,0,0,0,0,
T Bosch (1992-1992),2,0,0,0,0,0,0,0,
LS Brown (1931-1932),3,0,0,0,0,0,0,0,
SF Burke (1962-1965),4,0,0,0,0,0,0,0,
ID Buys (1922-1922),2,0,0,0,0,0,0,0,
GWA Chubb (1951-1951),9,0,0,0,0,0,0,0,
JAK Cochran (1931-1931),2,0,0,0,0,0,0,0,
FJ Cook (1896-1896),2,0,0,0,0,0,0,0,
SJ Cook (1992-1993),5,0,0,0,0,0,0,0,
G Cripps (1892-1892),1,0,0,0,0,0,0,0,
EQ Davies (1936-1939),6,0,0,0,0,0,0,0,
AC Dawson (2003-2003),4,0,0,0,0,0,0,0,
Z de Bruyn (2004-2004),5,0,0,0,0,0,0,0,
RG Draper (1950-1950),3,0,0,0,0,0,0,0,
DV Dyer (1947-1947),6,0,0,0,0,0,0,0,
CE Finlason (1889-1889),2,0,0,0,0,0,0,0,
CE Floquet (1910-1910),2,0,0,0,0,0,0,0,
CN Frank (1921-1921),6,0,0,0,0,0,0,0,
WHB Frank (1896-1896),1,0,0,0,0,0,0,0,
GK Glover (1896-1896),1,0,0,0,0,0,0,0,
GM Griffin (1960-1960),3,0,0,0,0,0,0,0,
GG Hall (1965-1965),2,0,0,0,0,0,0,0,
RHM Hands (1914-1914),2,0,0,0,0,0,0,0,
MA Hanley (1949-1949),2,0,0,0,0,0,0,0,
GPD Hartigan (1912-1914),6,0,0,0,0,0,0,0,
RL Harvey (1936-1936),2,0,0,0,0,0,0,0,
CFW Hime (1896-1896),2,0,0,0,0,0,0,0,
GA Kempis (1889-1889),2,0,0,0,0,0,0,0,
F Kuys (1899-1899),2,0,0,0,0,0,0,0,
FL le Roux (1914-1914),2,0,0,0,0,0,0,0,
PT Lewis (1913-1913),1,0,0,0,0,0,0,0,
EB Lundie (1914-1914),2,0,0,0,0,0,0,0,
MJ Macaulay (1965-1965),2,0,0,0,0,0,0,0,
R McLaren (2010-2014),4,0,0,0,0,0,0,0,
LA Markham (1949-1949),2,0,0,0,0,0,0,0,
WFE Marx (1921-1921),6,0,0,0,0,0,0,0,
F Mitchell (1912-1912),4,0,0,0,0,0,0,0,
JA Morkel (2009-2009),2,0,0,0,0,0,0,0,
JFW Nicolson (1928-1928),6,0,0,0,0,0,0,0,
NO Norton (1910-1910),2,0,0,0,0,0,0,0,
AE Ochse (1889-1889),3,0,0,0,0,0,0,0,
D Olivier (2017-2019),14,0,0,0,0,0,0,0,
GM Parker (1924-1924),2,0,0,0,0,0,0,0,
JB Plimsoll (1947-1947),2,0,0,0,0,0,0,0,
D Pretorius (2002-2003),8,0,0,0,0,0,0,0,
CFH Prince (1899-1899),2,0,0,0,0,0,0,0,
MW Pringle (1992-1995),7,0,0,0,0,0,0,0,
N Reid (1921-1921),2,0,0,0,0,0,0,0,
AR Richards (1896-1896),1,0,0,0,0,0,0,0,
WHM Richards (1889-1889),1,0,0,0,0,0,0,0,
MW Rushmere (1992-1992),2,0,0,0,0,0,0,0,
T Shamsi (2016-2018),4,0,0,0,0,0,0,0,
PJR Steyn (1995-1995),6,0,0,0,0,0,0,0,
HM Taberer (1902-1902),2,0,0,0,0,0,0,0,
VM Tancred (1899-1899),2,0,0,0,0,0,0,0,
LE Tapscott (1923-1923),4,0,0,0,0,0,0,0,
AI Taylor (1956-1956),2,0,0,0,0,0,0,0,
D Taylor (1914-1914),4,0,0,0,0,0,0,0,
NHCD Theunissen (1889-1889),1,0,0,0,0,0,0,0,
DS Tomlinson (1935-1935),1,0,0,0,0,0,0,0,
PS Twentyman-Jones (1902-1902),2,0,0,0,0,0,0,0,
GD Varnals (1964-1965),4,0,0,0,0,0,0,0,
GC Viljoen (2016-2016),2,0,0,0,0,0,0,0,
RJ Westcott (1954-1958),8,0,0,0,0,0,0,0,
CM Willoughby (2003-2003),4,0,0,0,0,0,0,0,
JT Willoughby (1896-1896),3,0,0,0,0,0,0,0,
CS Wimble (1892-1892),1,0,0,0,0,0,0,0,
PJL Dujon (1981-1991),154,272,267,5,265,2,5 (5ct 0st),1.766,
RD Jacobs (1998-2004),122,219,207,12,207,0,7 (7ct 0st),1.795,
D Ramdin (2005-2016),131,217,205,12,205,0,5 (5ct 0st),1.656,
DL Murray (1963-1980),119,189,181,8,181,0,5 (5ct 0st),1.588,
BC Lara (1990-2006),239,164,164,0,0,164,4 (4ct 0st),0.686,
IVA Richards (1974-1991),232,122,122,0,0,122,4 (4ct 0st),0.525,
CL Hooper (1987-2002),189,115,115,0,0,115,4 (4ct 0st),0.608,
GS Sobers (1954-1974),172,109,109,0,0,109,4 (4ct 0st),0.633,
JR Murray (1993-2002),61,102,99,3,98,1,5 (5ct 0st),1.672,
CH Gayle (2000-2014),190,96,96,0,0,96,3 (3ct 0st),0.505,
CG Greenidge (1974-1991),208,96,96,0,0,96,3 (3ct 0st),0.461,
FCM Alexander (1957-1961),47,90,85,5,85,0,5 (5ct 0st),1.914,
CH Lloyd (1966-1985),209,90,90,0,0,90,2 (2ct 0st),0.43,
RB Richardson (1983-1995),164,90,90,0,0,90,3 (3ct 0st),0.548,
CO Browne (1995-2005),36,81,79,2,79,0,5 (5ct 0st),2.25,
SO Dowrich (2015-2018),46,71,66,5,66,0,4 (4ct 0st),1.543,
S Chanderpaul (1994-2015),297,66,66,0,0,66,2 (2ct 0st),0.222,
DL Haynes (1978-1994),221,65,65,0,0,65,2 (2ct 0st),0.294,
DJG Sammy (2007-2013),68,65,65,0,0,65,5 (5ct 0st),0.955,
CL Walcott (1948-1960),82,64,53,11,27,26,4 (3ct 1st),0.78,
RC Fredericks (1968-1977),112,62,62,0,0,62,4 (4ct 0st),0.553,
DA Murray (1978-1982),34,62,57,5,57,0,5 (5ct 0st),1.823,
AL Logie (1983-1991),98,57,57,0,0,57,4 (4ct 0st),0.581,
RR Sarwan (2000-2011),162,53,53,0,0,53,2 (2ct 0st),0.327,
LR Gibbs (1958-1976),151,52,52,0,0,52,3 (3ct 0st),0.344,
AI Kallicharran (1972-1981),124,51,51,0,0,51,2 (2ct 0st),0.411,
RB Kanhai (1957-1974),147,50,50,0,6,44,3 (3ct 0st),0.34,
ED Weekes (1948-1958),90,49,49,0,0,49,4 (4ct 0st),0.544,
JC Adams (1992-2001),99,48,48,0,0,48,4 (4ct 0st),0.484,
CS Baugh (2003-2012),38,48,43,5,43,0,5 (4ct 1st),1.263,
DM Bravo (2010-2016),84,47,47,0,0,47,5 (5ct 0st),0.559,
SL Campbell (1995-2002),92,47,47,0,0,47,3 (3ct 0st),0.51,
JL Hendriks (1962-1969),37,47,42,5,42,0,4 (2ct 2st),1.27,
FMM Worrell (1948-1963),98,43,43,0,0,43,3 (3ct 0st),0.438,
J Garner (1977-1987),111,42,42,0,0,42,3 (3ct 0st),0.378,
D Williams (1992-1998),19,42,40,2,40,0,5 (5ct 0st),2.21,
DJ Bravo (2004-2010),71,41,41,0,0,41,3 (3ct 0st),0.577,
RA Harper (1983-1993),49,36,36,0,0,36,3 (3ct 0st),0.734,
DS Smith (2003-2018),79,36,36,0,0,36,3 (3ct 0st),0.455,
WW Hinds (2000-2005),83,32,32,0,0,32,3 (3ct 0st),0.385,
SD Hope (2015-2018),46,32,32,0,2,30,3 (3ct 0st),0.695,
D Ganga (1998-2008),87,30,30,0,0,30,3 (3ct 0st),0.344,
KOA Powell (2011-2018),72,29,29,0,0,29,3 (3ct 0st),0.402,
CA Walsh (1984-2001),244,29,29,0,0,29,2 (2ct 0st),0.118,
LN Constantine (1928-1939),29,28,28,0,0,28,3 (3ct 0st),0.965,
MN Samuels (2000-2016),127,28,28,0,0,28,2 (2ct 0st),0.22,
SC Williams (1994-2002),53,27,27,0,0,27,2 (2ct 0st),0.509,
PV Simmons (1988-1997),48,26,26,0,0,26,2 (2ct 0st),0.541,
KC Brathwaite (2011-2018),92,25,25,0,0,25,2 (2ct 0st),0.271,
JO Holder (2014-2018),60,25,25,0,0,25,3 (3ct 0st),0.416,
MD Marshall (1978-1991),153,25,25,0,0,25,2 (2ct 0st),0.163,
J Blackwood (2014-2017),45,24,24,0,0,24,5 (5ct 0st),0.533,
KLT Arthurton (1988-1995),62,22,22,0,0,22,2 (2ct 0st),0.354,
IM Barrow (1930-1939),16,22,17,5,16,1,3 (3ct 0st),1.375,
JDC Goddard (1948-1957),51,22,22,0,0,22,2 (2ct 0st),0.431,
MA Holding (1975-1987),114,22,22,0,0,22,2 (2ct 0st),0.192,
RJ Christiani (1948-1954),44,21,19,2,1,18,3 (1ct 2st),0.477,
TM Findlay (1969-1973),17,21,19,2,19,0,4 (4ct 0st),1.235,
SM Nurse (1960-1969),54,21,21,0,1,20,2 (2ct 0st),0.388,
D Bishoo (2011-2018),64,20,20,0,0,20,3 (3ct 0st),0.312,
RS Morton (2005-2008),26,20,20,0,0,20,2 (2ct 0st),0.769,
JB Stollmeyer (1939-1955),63,20,20,0,0,20,2 (2ct 0st),0.317,
DW Allan (1962-1966),10,18,15,3,15,0,3 (3ct 0st),1.8,
CEL Ambrose (1988-2000),182,18,18,0,0,18,1 (1ct 0st),0.098,
HA Gomes (1976-1987),112,18,18,0,0,18,1 (1ct 0st),0.16,
GE Gomez (1939-1954),58,18,18,0,0,18,3 (3ct 0st),0.31,
DAJ Holford (1966-1977),42,18,18,0,0,18,2 (2ct 0st),0.428,
SFAF Bacchus (1978-1982),34,17,17,0,0,17,3 (3ct 0st),0.5,
AP Binns (1953-1956),10,17,14,3,14,0,3 (3ct 0st),1.7,
LG Rowe (1972-1980),55,17,17,0,0,17,2 (2ct 0st),0.309,
N Deonarine (2005-2013),33,16,16,0,0,16,3 (3ct 0st),0.484,
M Dillon (1997-2004),69,16,16,0,0,16,2 (2ct 0st),0.231,
CC Griffith (1960-1969),52,16,16,0,0,16,2 (2ct 0st),0.307,
VA Holder (1969-1979),74,16,16,0,0,16,1 (1ct 0st),0.216,
CC Hunte (1958-1967),85,16,16,0,0,16,2 (2ct 0st),0.188,
BF Butcher (1958-1969),83,15,15,0,0,15,2 (2ct 0st),0.18,
KA Edwards (2011-2014),32,15,15,0,0,15,2 (2ct 0st),0.468,
ST Gabriel (2012-2018),69,15,15,0,0,15,2 (2ct 0st),0.217,
SJ Benn (2008-2015),45,14,14,0,0,14,2 (2ct 0st),0.311,
GA Headley (1930-1954),38,14,14,0,0,14,2 (2ct 0st),0.368,
BD Julien (1973-1977),46,14,14,0,0,14,2 (2ct 0st),0.304,
AB Barath (2009-2012),27,13,13,0,0,13,3 (3ct 0st),0.481,
MC Carew (1963-1972),35,13,13,0,0,13,3 (3ct 0st),0.371,
RL Chase (2016-2018),44,13,13,0,0,13,3 (3ct 0st),0.295,
RS Grant (1935-1939),14,13,13,0,0,13,3 (3ct 0st),0.928,
JS Solomon (1958-1965),53,13,13,0,0,13,2 (2ct 0st),0.245,
AL Valentine (1950-1962),70,13,13,0,0,13,1 (1ct 0st),0.185,
WKM Benjamin (1987-1995),38,12,12,0,0,12,2 (2ct 0st),0.315,
KAJ Roach (2009-2018),89,12,12,0,0,12,2 (2ct 0st),0.134,
DS Atkinson (1948-1958),43,11,11,0,0,11,2 (2ct 0st),0.255,
CC Depeiaza (1955-1956),9,11,7,4,6,1,3 (1ct 2st),1.222,
W Ferguson (1948-1954),16,11,11,0,0,11,3 (3ct 0st),0.687,
SC Guillen (1951-1952),10,11,9,2,9,0,2 (2ct 0st),1.1,
WW Hall (1958-1969),92,11,11,0,0,11,1 (1ct 0st),0.119,
WW Davis (1983-1988),28,10,10,0,0,10,2 (2ct 0st),0.357,
FH Edwards (2003-2012),102,10,10,0,0,10,1 (1ct 0st),0.098,
GC Grant (1930-1935),18,10,10,0,0,10,2 (2ct 0st),0.555,
DRE Joseph (1999-1999),8,10,10,0,0,10,3 (3ct 0st),1.25,
CA McWatt (1954-1955),11,10,9,1,9,0,3 (3ct 0st),0.909,
IL Mendonca (1962-1962),4,10,8,2,8,0,3 (2ct 1st),2.5,
AF Rae (1948-1953),30,10,10,0,0,10,2 (2ct 0st),0.333,
CAK Walton (2009-2009),4,10,10,0,10,0,5 (5ct 0st),2.5,
RIC Holder (1997-1999),19,9,9,0,0,9,2 (2ct 0st),0.473,
RA Legall (1953-1953),8,9,8,1,8,0,3 (3ct 0st),1.125,
S Ramadhin (1950-1961),82,9,9,0,0,9,2 (2ct 0st),0.109,
AME Roberts (1974-1983),90,9,9,0,0,9,1 (1ct 0st),0.1,
S Shillingford (2010-2014),29,9,9,0,0,9,1 (1ct 0st),0.31,
DR Smith (2004-2006),18,9,9,0,0,9,3 (3ct 0st),0.5,
OG Smith (1955-1959),46,9,9,0,0,9,2 (2ct 0st),0.195,
PA Wallace (1997-1999),13,9,9,0,0,9,2 (2ct 0st),0.692,
CA Best (1986-1990),16,8,8,0,0,8,2 (2ct 0st),0.5,
IR Bishop (1989-1998),79,8,8,0,0,8,2 (2ct 0st),0.101,
CEH Croft (1977-1982),52,8,8,0,0,8,2 (2ct 0st),0.153,
JKC Holt (1954-1959),32,8,8,0,0,8,2 (2ct 0st),0.25,
CB Lambert (1991-1998),10,8,8,0,0,8,3 (3ct 0st),0.8,
DM Lewis (1971-1971),6,8,8,0,8,0,4 (4ct 0st),1.333,
DBL Powell (2002-2009),68,8,8,0,0,8,2 (2ct 0st),0.117,
D Ramnarine (1998-2002),24,8,8,0,0,8,2 (2ct 0st),0.333,
RG Samuels (1996-1997),12,8,8,0,0,8,2 (2ct 0st),0.666,
JE Taylor (2003-2016),81,8,8,0,0,8,1 (1ct 0st),0.098,
Inshan Ali (1971-1977),23,7,7,0,0,7,2 (2ct 0st),0.304,
CM Christiani (1935-1935),8,7,6,1,6,0,3 (2ct 1st),0.875,
PT Collins (1999-2006),61,7,7,0,0,7,1 (1ct 0st),0.114,
GN Francis (1928-1933),13,7,7,0,0,7,2 (2ct 0st),0.538,
RO Hinds (2002-2009),27,7,7,0,0,7,2 (2ct 0st),0.259,
LR Johnson (2014-2016),14,7,7,0,0,7,2 (2ct 0st),0.5,
XM Marshall (2005-2009),14,7,7,0,0,7,2 (2ct 0st),0.5,
JED Sealy (1930-1939),21,7,6,1,4,2,2 (1ct 1st),0.333,
EE Achong (1930-1935),9,6,6,0,0,6,1 (1ct 0st),0.666,
OAC Banks (2003-2005),20,6,6,0,0,6,3 (3ct 0st),0.3,
TL Best (2003-2013),46,6,6,0,0,6,1 (1ct 0st),0.13,
CD Collymore (1999-2007),58,6,6,0,0,6,1 (1ct 0st),0.103,
AH Gray (1986-1987),10,6,6,0,0,6,3 (3ct 0st),0.6,
BP Nash (2008-2011),37,6,6,0,0,6,1 (1ct 0st),0.162,
BH Pairaudeau (1953-1957),25,6,6,0,0,6,1 (1ct 0st),0.24,
FL Reifer (1997-2009),12,6,6,0,0,6,2 (2ct 0st),0.5,
S Shivnarine (1978-1979),13,6,6,0,0,6,2 (2ct 0st),0.461,
KD Boyce (1971-1976),41,5,5,0,0,5,1 (1ct 0st),0.121,
CE Cuffy (1994-2002),26,5,5,0,0,5,1 (1ct 0st),0.192,
OC da Costa (1930-1935),7,5,5,0,0,5,3 (3ct 0st),0.714,
TM Dowlin (2009-2010),11,5,5,0,0,5,2 (2ct 0st),0.454,
AE Greenidge (1978-1979),10,5,5,0,0,5,2 (2ct 0st),0.5,
AFG Griffith (1997-2000),24,5,5,0,0,5,1 (1ct 0st),0.208,
EAC Hunte (1930-1930),6,5,5,0,5,0,3 (3ct 0st),0.833,
CL King (1976-1980),17,5,5,0,0,5,2 (2ct 0st),0.294,
FM King (1953-1956),26,5,5,0,0,5,2 (2ct 0st),0.192,
NAM McLean (1998-2001),33,5,5,0,0,5,1 (1ct 0st),0.151,
EDAS McMorris (1958-1966),25,5,5,0,0,5,1 (1ct 0st),0.2,
EA Martindale (1933-1939),17,5,5,0,0,5,1 (1ct 0st),0.294,
BP Patterson (1986-1992),54,5,5,0,0,5,1 (1ct 0st),0.092,
TRO Payne (1986-1986),2,5,5,0,5,0,3 (3ct 0st),2.5,
N Phillip (1978-1979),15,5,5,0,0,5,2 (2ct 0st),0.333,
CA Roach (1928-1935),23,5,5,0,0,5,1 (1ct 0st),0.217,
LMP Simmons (2009-2011),15,5,5,0,0,5,1 (1ct 0st),0.333,
CW Smith (1960-1962),10,5,4,1,1,3,3 (3ct 0st),0.5,
AB Williams (1978-1979),12,5,5,0,0,5,2 (2ct 0st),0.416,
LS Birkett (1930-1931),5,4,4,0,0,4,2 (2ct 0st),0.8,
MR Bynoe (1959-1967),8,4,4,0,0,4,1 (1ct 0st),0.5,
GS Camacho (1968-1971),18,4,4,0,0,4,1 (1ct 0st),0.222,
S Chattergoon (2008-2008),8,4,4,0,0,4,1 (1ct 0st),0.5,
WW Daniel (1976-1984),20,4,4,0,0,4,1 (1ct 0st),0.2,
CA Davis (1968-1973),27,4,4,0,0,4,1 (1ct 0st),0.148,
AB Fudadin (2012-2012),5,4,4,0,0,4,2 (2ct 0st),0.8,
R Gilchrist (1957-1959),23,4,4,0,0,4,1 (1ct 0st),0.173,
HC Griffith (1928-1933),18,4,4,0,0,4,1 (1ct 0st),0.222,
SO Hetmyer (2017-2018),17,4,4,0,0,4,2 (2ct 0st),0.235,
PEW Jones (1948-1951),18,4,4,0,0,4,1 (1ct 0st),0.222,
RR Jumadeen (1972-1979),22,4,4,0,0,4,2 (2ct 0st),0.181,
PD Lashley (1960-1966),8,4,4,0,0,4,2 (2ct 0st),0.5,
DR Parry (1978-1980),21,4,4,0,0,4,1 (1ct 0st),0.19,
DM Richards (2009-2010),6,4,4,0,0,4,1 (1ct 0st),0.666,
FA Rose (1997-2000),33,4,4,0,0,4,2 (2ct 0st),0.121,
A Sanford (2002-2004),19,4,4,0,0,4,2 (2ct 0st),0.21,
JN Shepherd (1969-1971),10,4,4,0,0,4,2 (2ct 0st),0.4,
RA Austin (2009-2009),4,3,3,0,0,3,2 (2ct 0st),0.75,
IDR Bradshaw (2006-2006),7,3,3,0,0,3,2 (2ct 0st),0.428,
UG Dowe (1971-1973),8,3,3,0,0,3,1 (1ct 0st),0.375,
MLC Foster (1969-1978),26,3,3,0,0,3,1 (1ct 0st),0.115,
GA Greenidge (1972-1973),9,3,3,0,0,3,1 (1ct 0st),0.333,
KA Hope (2017-2017),9,3,3,0,0,3,1 (1ct 0st),0.333,
CEL Jones (1930-1935),8,3,3,0,0,3,2 (2ct 0st),0.375,
SC Joseph (2004-2007),9,3,3,0,0,3,1 (1ct 0st),0.333,
JJC Lawson (2002-2005),26,3,3,0,0,3,1 (1ct 0st),0.115,
EH Mattis (1981-1981),8,3,3,0,0,3,2 (2ct 0st),0.375,
CC Passailaigue (1930-1930),2,3,3,0,0,3,2 (2ct 0st),1.5,
R Rampaul (2009-2012),34,3,3,0,0,3,1 (1ct 0st),0.088,
WV Rodriguez (1962-1968),10,3,3,0,0,3,2 (2ct 0st),0.3,
JA Small (1928-1930),4,3,3,0,0,3,2 (2ct 0st),0.75,
DM Washington (2005-2005),2,3,3,0,0,3,2 (2ct 0st),1.5,
SW Ambris (2017-2018),9,2,2,0,0,2,1 (1ct 0st),0.222,
ES Atkinson (1958-1959),15,2,2,0,0,2,1 (1ct 0st),0.133,
RA Austin (1978-1978),4,2,2,0,0,2,1 (1ct 0st),0.5,
L Baichan (1975-1976),6,2,2,0,0,2,2 (2ct 0st),0.333,
EAE Baptiste (1983-1990),20,2,2,0,0,2,1 (1ct 0st),0.1,
EL Bartlett (1928-1931),7,2,2,0,0,2,1 (1ct 0st),0.285,
KCG Benjamin (1992-1998),50,2,2,0,0,2,1 (1ct 0st),0.04,
CG Butts (1985-1988),12,2,2,0,0,2,1 (1ct 0st),0.166,
R Chandrika (2015-2016),7,2,2,0,0,2,2 (2ct 0st),0.285,
ST Clarke (1978-1982),19,2,2,0,0,2,1 (1ct 0st),0.105,
ML Cummins (2016-2018),21,2,2,0,0,2,1 (1ct 0st),0.095,
VC Drakes (2002-2004),23,2,2,0,0,2,1 (1ct 0st),0.086,
LV Garrick (2001-2001),2,2,2,0,0,2,1 (1ct 0st),1,
RGA Headley (1973-1973),4,2,2,0,0,2,1 (1ct 0st),0.5,
AS Joseph (2016-2017),11,2,2,0,0,2,1 (1ct 0st),0.181,
LA King (1962-1968),4,2,2,0,0,2,1 (1ct 0st),0.5,
RD King (1999-2005),34,2,2,0,0,2,1 (1ct 0st),0.058,
NC McGarrell (2001-2001),8,2,2,0,0,2,1 (1ct 0st),0.25,
IS Madray (1958-1958),4,2,2,0,0,2,1 (1ct 0st),0.5,
FR Martin (1928-1931),12,2,2,0,0,2,1 (1ct 0st),0.166,
MV Nagamootoo (2000-2002),8,2,2,0,0,2,2 (2ct 0st),0.25,
R Nanan (1980-1980),2,2,2,0,0,2,2 (2ct 0st),1,
SP Narine (2012-2013),11,2,2,0,0,2,1 (1ct 0st),0.181,
JM Noreiga (1971-1971),7,2,2,0,0,2,2 (2ct 0st),0.285,
RK Nunes (1928-1930),5,2,2,0,1,1,1 (1ct 0st),0.4,
V Permaul (2012-2015),11,2,2,0,0,2,1 (1ct 0st),0.181,
RR Ramdass (2005-2005),2,2,2,0,0,2,2 (2ct 0st),1,
RO Scarlett (1960-1960),6,2,2,0,0,2,1 (1ct 0st),0.333,
GC Shillingford (1969-1972),12,2,2,0,0,2,2 (2ct 0st),0.166,
CK Singh (1960-1960),4,2,2,0,0,2,1 (1ct 0st),0.5,
VA Singh (2017-2017),6,2,2,0,0,2,1 (1ct 0st),0.333,
CEL Stuart (2000-2001),12,2,2,0,0,2,1 (1ct 0st),0.166,
J Trim (1948-1952),8,2,2,0,0,2,1 (1ct 0st),0.25,
JA Warrican (2015-2018),11,2,2,0,0,2,1 (1ct 0st),0.181,
EAV Williams (1939-1948),8,2,2,0,0,2,1 (1ct 0st),0.25,
IBA Allen (1991-1991),3,1,1,0,0,1,1 (1ct 0st),0.333,
LS Baker (2008-2009),7,1,1,0,0,1,1 (1ct 0st),0.142,
GR Breese (2002-2002),2,1,1,0,0,1,1 (1ct 0st),0.5,
CR Browne (1928-1930),6,1,1,0,0,1,1 (1ct 0st),0.166,
GM Carew (1935-1949),8,1,1,0,0,1,1 (1ct 0st),0.125,
AC Cummins (1993-1994),9,1,1,0,0,1,1 (1ct 0st),0.111,
BA Davis (1965-1965),7,1,1,0,0,1,1 (1ct 0st),0.142,
FI de Caires (1930-1930),6,1,1,0,0,1,1 (1ct 0st),0.166,
R Dhanraj (1994-1996),8,1,1,0,0,1,1 (1ct 0st),0.125,
BBM Gaskin (1948-1948),4,1,1,0,0,1,1 (1ct 0st),0.25,
GL Gibbs (1955-1955),2,1,1,0,0,1,1 (1ct 0st),0.5,
MG Grell (1930-1930),2,1,1,0,0,1,1 (1ct 0st),0.5,
ELG Hoad (1928-1933),5,1,1,0,0,1,1 (1ct 0st),0.2,
LG Hylton (1935-1939),12,1,1,0,0,1,1 (1ct 0st),0.083,
TF Johnson (1939-1939),2,1,1,0,0,1,1 (1ct 0st),0.5,
ESM Kentish (1948-1954),4,1,1,0,0,1,1 (1ct 0st),0.25,
SH Lewis (2018-2018),2,1,1,0,0,1,1 (1ct 0st),0.5,
RE Marshall (1951-1952),8,1,1,0,0,1,1 (1ct 0st),0.125,
CA Merry (1933-1933),2,1,1,0,0,1,1 (1ct 0st),0.5,
D Mohammed (2004-2006),10,1,1,0,0,1,1 (1ct 0st),0.1,
EA Moseley (1990-1990),4,1,1,0,0,1,1 (1ct 0st),0.25,
BA Parchment (2008-2008),3,1,1,0,0,1,1 (1ct 0st),0.333,
NT Pascal (2010-2010),2,1,1,0,0,1,1 (1ct 0st),0.5,
KMA Paul (2018-2018),3,1,1,0,0,1,1 (1ct 0st),0.333,
NO Perry (1999-1999),7,1,1,0,0,1,1 (1ct 0st),0.142,
OJ Phillips (2009-2009),4,1,1,0,0,1,1 (1ct 0st),0.25,
RL Powell (1999-2004),4,1,1,0,0,1,1 (1ct 0st),0.25,
AD Russell (2010-2010),2,1,1,0,0,1,1 (1ct 0st),0.5,
IT Shillingford (1977-1978),8,1,1,0,0,1,1 (1ct 0st),0.125,
WH St Hill (1928-1930),4,1,1,0,0,1,1 (1ct 0st),0.25,
CD Watson (1960-1962),14,1,1,0,0,1,1 (1ct 0st),0.071,
AW White (1965-1965),3,1,1,0,0,1,1 (1ct 0st),0.333,
Imtiaz Ali (1976-1976),2,0,0,0,0,0,0,0,
NS Asgarali (1957-1957),2,0,0,0,0,0,0,0,
AG Barrett (1971-1975),10,0,0,0,0,0,0,0,
DE Bernard (2003-2009),6,0,0,0,0,0,0,0,
BJ Bess (2010-2010),2,0,0,0,0,0,0,0,
N Betancourt (1930-1930),2,0,0,0,0,0,0,0,
MI Black (2000-2002),10,0,0,0,0,0,0,0,
CR Brathwaite (2015-2016),4,0,0,0,0,0,0,0,
LS Butler (1955-1955),1,0,0,0,0,0,0,0,
FJ Cameron (1948-1949),10,0,0,0,0,0,0,0,
JH Cameron (1939-1939),4,0,0,0,0,0,0,0,
G Challenor (1928-1928),3,0,0,0,0,0,0,0,
HS Chang (1979-1979),2,0,0,0,0,0,0,0,
CB Clarke (1939-1939),6,0,0,0,0,0,0,0,
SS Cottrell (2013-2014),2,0,0,0,0,0,0,0,
DT Dewdney (1955-1958),16,0,0,0,0,0,0,0,
RM Edwards (1968-1969),9,0,0,0,0,0,0,0,
MP Fernandes (1928-1930),3,0,0,0,0,0,0,0,
MC Frederick (1954-1954),2,0,0,0,0,0,0,0,
RL Fuller (1935-1935),2,0,0,0,0,0,0,0,
HA Furlonge (1955-1956),5,0,0,0,0,0,0,0,
AG Ganteaume (1948-1948),2,0,0,0,0,0,0,0,
OD Gibson (1995-1999),4,0,0,0,0,0,0,0,
G Gladstone (1930-1930),2,0,0,0,0,0,0,0,
AB Howard (1972-1972),1,0,0,0,0,0,0,0,
AS Jaggernauth (2008-2008),2,0,0,0,0,0,0,0,
HHH Johnson (1948-1950),6,0,0,0,0,0,0,0,
RN Lewis (1997-2008),9,0,0,0,0,0,0,0,
NE Marshall (1955-1955),2,0,0,0,0,0,0,0,
NO Miller (2009-2009),2,0,0,0,0,0,0,0,
RC Miller (1953-1953),2,0,0,0,0,0,0,0,
GH Mudie (1935-1935),2,0,0,0,0,0,0,0,
JM Neblett (1935-1935),2,0,0,0,0,0,0,0,
AL Padmore (1976-1976),4,0,0,0,0,0,0,0,
DJ Pagon (2005-2005),4,0,0,0,0,0,0,0,
KK Peters (2014-2014),1,0,0,0,0,0,0,0,
LR Pierre (1948-1948),2,0,0,0,0,0,0,0,
S Ragoonath (1999-1999),4,0,0,0,0,0,0,0,
RA Reifer (2017-2017),2,0,0,0,0,0,0,0,
KR Rickards (1948-1952),4,0,0,0,0,0,0,0,
AT Roberts (1956-1956),2,0,0,0,0,0,0,0,
LA Roberts (1999-1999),2,0,0,0,0,0,0,0,
AHP Scott (1953-1953),2,0,0,0,0,0,0,0,
OC Scott (1928-1931),11,0,0,0,0,0,0,0,
BJ Sealey (1933-1933),1,0,0,0,0,0,0,0,
MA Small (1984-1984),4,0,0,0,0,0,0,0,
SC Stayers (1962-1962),8,0,0,0,0,0,0,0,
EL St Hill (1930-1930),4,0,0,0,0,0,0,0,
VH Stollmeyer (1939-1939),2,0,0,0,0,0,0,0,
JO Taylor (1958-1959),5,0,0,0,0,0,0,0,
PIC Thompson (1996-1997),3,0,0,0,0,0,0,0,
GC Tonge (2009-2009),2,0,0,0,0,0,0,0,
VA Valentine (1933-1933),2,0,0,0,0,0,0,0,
LA Walcott (1930-1930),2,0,0,0,0,0,0,0,
KH Weekes (1939-1939),4,0,0,0,0,0,0,0,
CV Wight (1928-1930),3,0,0,0,0,0,0,0,
GL Wight (1953-1953),2,0,0,0,0,0,0,0,
CA Wiles (1933-1933),1,0,0,0,0,0,0,0,
ET Willett (1973-1975),10,0,0,0,0,0,0,0,
KL Wishart (1935-1935),2,0,0,0,0,0,0,0,
BB McCullum (2004-2016),186,209,198,11,168,30,5 (5ct 0st),1.123,
BJ Watling (2009-2018),112,207,200,7,190,10,6 (6ct 0st),1.848,
AC Parore (1990-2002),138,204,197,7,194,3,5 (5ct 0st),1.478,
IDS Smith (1980-1992),109,176,168,8,168,0,7 (7ct 0st),1.614,
SP Fleming (1994-2008),199,171,171,0,0,171,5 (5ct 0st),0.859,
LRPL Taylor (2007-2018),169,131,131,0,0,131,3 (3ct 0st),0.775,
KJ Wadsworth (1969-1976),59,96,92,4,92,0,5 (5ct 0st),1.627,
MD Crowe (1982-1995),130,71,71,0,0,71,4 (4ct 0st),0.546,
NJ Astle (1996-2006),147,70,70,0,0,70,2 (2ct 0st),0.476,
JV Coney (1974-1987),97,64,64,0,0,64,3 (3ct 0st),0.659,
KS Williamson (2010-2018),132,63,63,0,0,63,3 (3ct 0st),0.477,
WK Lees (1976-1983),42,59,52,7,52,0,5 (5ct 0st),1.404,
DL Vettori (1997-2014),203,58,58,0,0,58,3 (3ct 0st),0.285,
BA Young (1993-1999),58,54,54,0,0,54,3 (3ct 0st),0.931,
AE Dick (1961-1965),30,51,47,4,47,0,4 (4ct 0st),1.7,
MJ Guptill (2009-2016),88,50,50,0,0,50,3 (3ct 0st),0.568,
BE Congdon (1965-1978),110,44,44,0,1,43,3 (3ct 0st),0.4,
JR Reid (1949-1965),90,44,43,1,4,39,3 (3ct 0st),0.488,
TG Southee (2008-2018),120,43,43,0,0,43,2 (2ct 0st),0.358,
GM Turner (1969-1983),75,42,42,0,0,42,2 (2ct 0st),0.56,
JJ Crowe (1983-1990),69,41,41,0,0,41,4 (4ct 0st),0.594,
TWM Latham (2014-2018),79,41,41,0,7,34,3 (3ct 0st),0.518,
Sir RJ Hadlee (1973-1990),156,39,39,0,0,39,2 (2ct 0st),0.25,
JG Wright (1978-1993),145,38,38,0,0,38,3 (3ct 0st),0.262,
MG Burgess (1968-1980),94,34,34,0,0,34,2 (2ct 0st),0.361,
HJ Howarth (1969-1977),55,33,33,0,0,33,3 (3ct 0st),0.6,
KR Rutherford (1985-1995),95,32,32,0,0,32,2 (2ct 0st),0.336,
JG Bracewell (1980-1990),73,31,31,0,0,31,3 (3ct 0st),0.424,
MS Sinclair (1999-2010),61,31,31,0,1,30,3 (3ct 0st),0.508,
TA Boult (2011-2018),111,30,30,0,0,30,2 (2ct 0st),0.27,
BL Cairns (1974-1985),78,30,30,0,0,30,2 (2ct 0st),0.384,
RG Hart (2002-2003),18,30,29,1,29,0,4 (4ct 0st),1.666,
FLH Mooney (1949-1954),23,30,22,8,22,0,4 (3ct 1st),1.304,
JM Parker (1973-1980),65,30,30,0,0,30,3 (3ct 0st),0.461,
LK Germon (1995-1997),19,29,27,2,27,0,4 (4ct 0st),1.526,
GP Howarth (1975-1985),86,29,29,0,0,29,2 (2ct 0st),0.337,
MJ Greatbatch (1988-1996),64,27,27,0,0,27,3 (3ct 0st),0.421,
MH Richardson (2000-2004),68,26,26,0,0,26,2 (2ct 0st),0.382,
PG Fulton (2006-2014),42,25,25,0,0,25,3 (3ct 0st),0.595,
AH Jones (1987-1995),62,25,25,0,0,25,2 (2ct 0st),0.403,
EC Petrie (1955-1966),18,25,25,0,25,0,4 (4ct 0st),1.388,
CFK van Wyk (2012-2012),17,24,23,1,23,0,4 (4ct 0st),1.411,
GT Dowling (1961-1972),71,23,23,0,0,23,3 (3ct 0st),0.323,
BF Hastings (1969-1976),54,23,23,0,0,23,3 (3ct 0st),0.425,
SB Styris (2002-2007),51,23,23,0,0,23,3 (3ct 0st),0.45,
CD McMillan (1997-2005),99,22,22,0,0,22,1 (1ct 0st),0.222,
TE Blain (1986-1994),17,21,19,2,18,1,4 (4ct 0st),1.235,
BAG Murray (1968-1971),25,21,21,0,0,21,2 (2ct 0st),0.84,
CM Spearman (1995-2000),38,21,21,0,0,21,2 (2ct 0st),0.552,
B Sutcliffe (1947-1965),61,20,20,0,0,20,2 (2ct 0st),0.327,
MD Bell (1998-2008),33,19,19,0,0,19,2 (2ct 0st),0.575,
V Pollard (1965-1973),57,19,19,0,0,19,3 (3ct 0st),0.333,
L Vincent (2001-2007),41,19,19,0,0,19,3 (3ct 0st),0.463,
JM How (2006-2009),32,18,18,0,0,18,2 (2ct 0st),0.562,
DG Brownlie (2011-2013),25,17,17,0,0,17,4 (4ct 0st),0.68,
MJ Horne (1997-2003),65,17,17,0,0,17,3 (3ct 0st),0.261,
HM Nicholls (2016-2018),43,17,17,0,0,17,2 (2ct 0st),0.395,
JT Ward (1964-1968),15,17,16,1,16,0,4 (4ct 0st),1.133,
SB Doull (1992-2000),53,16,16,0,0,16,2 (2ct 0st),0.301,
KC James (1930-1933),16,16,11,5,11,0,2 (2ct 0st),1,
JA Raval (2016-2018),31,16,16,0,0,16,3 (3ct 0st),0.516,
JDP Oram (2002-2009),60,15,15,0,0,15,2 (2ct 0st),0.25,
DN Patel (1987-1997),62,15,15,0,0,15,2 (2ct 0st),0.241,
DR Tuffey (2000-2010),46,15,15,0,0,15,2 (2ct 0st),0.326,
SL Boock (1978-1989),54,14,14,0,0,14,2 (2ct 0st),0.259,
CL Cairns (1989-2004),110,14,14,0,0,14,2 (2ct 0st),0.127,
MD Craig (2014-2016),29,14,14,0,0,14,2 (2ct 0st),0.482,
BA Edgar (1978-1986),72,14,14,0,3,11,3 (3ct 0st),0.194,
CZ Harris (1992-2002),38,14,14,0,0,14,3 (3ct 0st),0.368,
CS Martin (2000-2013),128,14,14,0,0,14,1 (1ct 0st),0.109,
DK Morrison (1987-1997),76,14,14,0,0,14,2 (2ct 0st),0.184,
AR MacGibbon (1951-1958),38,13,13,0,0,13,2 (2ct 0st),0.342,
DJ Nash (1992-2001),56,13,13,0,0,13,2 (2ct 0st),0.232,
JS Patel (2006-2017),43,13,13,0,0,13,3 (3ct 0st),0.302,
JEC Franklin (2001-2013),56,12,12,0,0,12,1 (1ct 0st),0.214,
RW Morgan (1965-1972),37,12,12,0,0,12,2 (2ct 0st),0.324,
JDS Neesham (2014-2017),24,12,12,0,0,12,3 (3ct 0st),0.5,
JD Ryder (2008-2011),32,12,12,0,0,12,2 (2ct 0st),0.375,
BW Yuile (1963-1969),29,12,12,0,0,12,2 (2ct 0st),0.413,
RI Harford (1968-1968),6,11,11,0,11,0,5 (5ct 0st),1.833,
MHW Papps (2004-2007),14,11,11,0,0,11,2 (2ct 0st),0.785,
HD Rutherford (2013-2015),31,11,11,0,0,11,3 (3ct 0st),0.354,
IS Sodhi (2013-2018),33,11,11,0,0,11,2 (2ct 0st),0.333,
PJ Wiseman (1998-2005),48,11,11,0,0,11,2 (2ct 0st),0.229,
DAJ Bracewell (2011-2016),49,10,10,0,0,10,2 (2ct 0st),0.204,
ME Chapple (1953-1966),26,10,10,0,0,10,2 (2ct 0st),0.384,
RO Collinge (1965-1978),63,10,10,0,0,10,1 (1ct 0st),0.158,
C de Grandhomme (2016-2018),29,10,10,0,0,10,2 (2ct 0st),0.344,
DR Flynn (2008-2013),40,10,10,0,0,10,2 (2ct 0st),0.25,
TG McIntosh (2008-2011),32,10,10,0,0,10,2 (2ct 0st),0.312,
BR Taylor (1965-1973),55,10,10,0,0,10,1 (1ct 0st),0.181,
N Wagner (2012-2018),76,10,10,0,0,10,1 (1ct 0st),0.131,
MN Hart (1994-1995),22,9,9,0,0,9,1 (1ct 0st),0.409,
GJ Hopkins (2008-2010),6,9,9,0,9,0,3 (3ct 0st),1.5,
SN McGregor (1955-1965),39,9,9,0,0,9,1 (1ct 0st),0.23,
JFM Morrison (1973-1982),29,9,9,0,0,9,2 (2ct 0st),0.31,
RC Motz (1961-1969),58,9,9,0,0,9,1 (1ct 0st),0.155,
JF Reid (1979-1986),35,9,9,0,0,9,3 (3ct 0st),0.257,
GA Bartlett (1961-1968),18,8,8,0,0,8,1 (1ct 0st),0.444,
SE Bond (2001-2009),32,8,8,0,0,8,1 (1ct 0st),0.25,
HB Cave (1949-1958),27,8,8,0,0,8,2 (2ct 0st),0.296,
TJ Franklin (1983-1991),35,8,8,0,0,8,2 (2ct 0st),0.228,
DR Hadlee (1969-1978),45,8,8,0,0,8,2 (2ct 0st),0.177,
TC Lowry (1930-1931),11,8,8,0,0,8,2 (2ct 0st),0.727,
TG McMahon (1955-1956),6,8,7,1,7,0,3 (2ct 1st),1.333,
BD Milburn (1969-1969),5,8,6,2,6,0,3 (3ct 0st),1.6,
BW Sinclair (1963-1968),37,8,8,0,0,8,2 (2ct 0st),0.216,
ML Su'a (1992-1995),22,8,8,0,0,8,2 (2ct 0st),0.363,
RA Young (2011-2011),10,8,8,0,8,0,2 (2ct 0st),0.8,
JC Alabaster (1955-1972),35,7,7,0,0,7,1 (1ct 0st),0.2,
CJ Anderson (2013-2016),25,7,7,0,0,7,2 (2ct 0st),0.28,
EJ Chatfield (1975-1989),75,7,7,0,0,7,2 (2ct 0st),0.093,
MP Donnelly (1937-1949),12,7,7,0,0,7,2 (2ct 0st),0.583,
GN Edwards (1977-1981),13,7,7,0,7,0,3 (3ct 0st),0.538,
IE O'Brien (2005-2009),38,7,7,0,0,7,2 (2ct 0st),0.184,
MJ Santner (2015-2017),33,7,7,0,0,7,1 (1ct 0st),0.212,
VJ Scott (1946-1952),14,7,7,0,0,7,2 (2ct 0st),0.5,
MC Snedden (1981-1990),42,7,7,0,0,7,2 (2ct 0st),0.166,
SA Thomson (1990-1995),31,7,7,0,0,7,1 (1ct 0st),0.225,
EWT Tindill (1937-1947),8,7,6,1,6,0,2 (2ct 0st),0.875,
GE Bradburn (1990-2001),11,6,6,0,0,6,2 (2ct 0st),0.545,
EJ Gray (1983-1988),17,6,6,0,0,6,2 (2ct 0st),0.352,
WA Hadlee (1937-1951),17,6,6,0,0,6,2 (2ct 0st),0.352,
PGZ Harris (1955-1965),15,6,6,0,0,6,3 (3ct 0st),0.4,
DJ Murray (1994-1995),14,6,6,0,0,6,2 (2ct 0st),0.428,
SB O'Connor (1997-2001),35,6,6,0,0,6,2 (2ct 0st),0.171,
ML Page (1930-1937),22,6,6,0,0,6,2 (2ct 0st),0.272,
RW Blair (1953-1964),28,5,5,0,0,5,1 (1ct 0st),0.178,
RC Blunt (1930-1932),14,5,5,0,0,5,2 (2ct 0st),0.357,
SC Guillen (1956-1956),5,5,4,1,4,0,3 (3ct 0st),1,
BR Hartland (1992-1994),15,5,5,0,0,5,3 (3ct 0st),0.333,
MJ Henry (2015-2017),18,5,5,0,0,5,2 (2ct 0st),0.277,
GR Larsen (1994-1996),15,5,5,0,0,5,2 (2ct 0st),0.333,
RT Latham (1992-1993),8,5,5,0,0,5,2 (2ct 0st),0.625,
PE McEwan (1980-1984),8,5,5,0,0,5,2 (2ct 0st),0.625,
JAH Marshall (2005-2008),13,5,5,0,0,5,1 (1ct 0st),0.384,
BA Pocock (1993-1997),24,5,5,0,0,5,1 (1ct 0st),0.208,
GO Rabone (1949-1955),19,5,5,0,0,5,2 (2ct 0st),0.263,
AJ Redmond (2008-2013),12,5,5,0,0,5,2 (2ct 0st),0.416,
L Ronchi (2015-2016),8,5,5,0,5,0,2 (2ct 0st),0.625,
RG Twose (1995-1999),28,5,5,0,0,5,1 (1ct 0st),0.178,
WM Wallace (1937-1953),20,5,5,0,0,5,1 (1ct 0st),0.25,
PT Barton (1961-1963),11,4,4,0,0,4,2 (2ct 0st),0.363,
IG Butler (2002-2004),14,4,4,0,0,4,1 (1ct 0st),0.285,
IA Colquhoun (1955-1955),3,4,4,0,4,0,2 (2ct 0st),1.333,
HT Davis (1994-1997),9,4,4,0,0,4,1 (1ct 0st),0.444,
CJ Drum (2001-2002),9,4,4,0,0,4,1 (1ct 0st),0.444,
JL Kerr (1931-1937),10,4,4,0,0,4,2 (2ct 0st),0.4,
KD Mills (2004-2009),33,4,4,0,0,4,1 (1ct 0st),0.121,
AY Patel (2018-2018),9,4,4,0,0,4,2 (2ct 0st),0.444,
PJ Petherick (1976-1977),12,4,4,0,0,4,2 (2ct 0st),0.333,
WR Playle (1958-1963),10,4,4,0,0,4,1 (1ct 0st),0.4,
ADG Roberts (1976-1976),14,4,4,0,0,4,1 (1ct 0st),0.285,
AW Roberts (1930-1937),9,4,4,0,0,4,1 (1ct 0st),0.444,
JTC Vaughan (1992-1997),9,4,4,0,0,4,2 (2ct 0st),0.444,
HG Vivian (1931-1937),11,4,4,0,0,4,1 (1ct 0st),0.363,
W Watson (1986-1993),26,4,4,0,0,4,1 (1ct 0st),0.153,
CFW Allcott (1930-1932),9,3,3,0,0,3,1 (1ct 0st),0.333,
BJ Arnel (2010-2012),12,3,3,0,0,3,1 (1ct 0st),0.25,
GP Bilby (1966-1966),3,3,3,0,0,3,1 (1ct 0st),1,
VR Brown (1985-1985),4,3,3,0,0,3,2 (2ct 0st),0.75,
J Cowie (1937-1949),14,3,3,0,0,3,2 (2ct 0st),0.214,
CD Cumming (2005-2008),20,3,3,0,0,3,1 (1ct 0st),0.15,
GR Dickinson (1930-1932),6,3,3,0,0,3,2 (2ct 0st),0.5,
JA Hayes (1951-1958),20,3,3,0,0,3,2 (2ct 0st),0.15,
PA Horne (1987-1990),7,3,3,0,0,3,1 (1ct 0st),0.428,
TW Jarvis (1965-1973),24,3,3,0,0,3,2 (2ct 0st),0.125,
DAR Moloney (1937-1937),6,3,3,0,0,3,2 (2ct 0st),0.5,
MB Owens (1992-1994),12,3,3,0,0,3,2 (2ct 0st),0.25,
C Pringle (1990-1995),24,3,3,0,0,3,1 (1ct 0st),0.125,
JT Sparling (1958-1964),16,3,3,0,0,3,1 (1ct 0st),0.187,
GE Vivian (1965-1972),10,3,3,0,0,3,1 (1ct 0st),0.3,
GL Weir (1930-1937),16,3,3,0,0,3,1 (1ct 0st),0.187,
GI Allott (1996-1999),16,2,2,0,0,2,1 (1ct 0st),0.125,
TD Astle (2012-2018),6,2,2,0,0,2,1 (1ct 0st),0.333,
DD Beard (1952-1956),7,2,2,0,0,2,2 (2ct 0st),0.285,
TA Blundell (2017-2017),4,2,2,0,2,0,1 (1ct 0st),0.5,
WP Bradburn (1964-1964),4,2,2,0,0,2,1 (1ct 0st),0.5,
TB Burtt (1947-1953),14,2,2,0,0,2,1 (1ct 0st),0.142,
FJ Cameron (1961-1965),35,2,2,0,0,2,1 (1ct 0st),0.057,
CS Dempster (1930-1933),15,2,2,0,0,2,1 (1ct 0st),0.133,
JA Dunning (1933-1937),7,2,2,0,0,2,1 (1ct 0st),0.285,
GD Elliott (2008-2009),9,2,2,0,0,2,2 (2ct 0st),0.222,
JW Guy (1955-1961),15,2,2,0,0,2,1 (1ct 0st),0.133,
MJ Haslam (1992-1995),6,2,2,0,0,2,2 (2ct 0st),0.333,
RJ Kennedy (1996-1996),8,2,2,0,0,2,1 (1ct 0st),0.25,
IB Leggat (1954-1954),2,2,2,0,0,2,2 (2ct 0st),1,
AM Matheson (1930-1931),3,2,2,0,0,2,2 (2ct 0st),0.666,
WE Merritt (1930-1931),10,2,2,0,0,2,2 (2ct 0st),0.2,
AM Moir (1951-1959),21,2,2,0,0,2,1 (1ct 0st),0.095,
RJ Nicol (2012-2012),4,2,2,0,0,2,1 (1ct 0st),0.5,
DR O'Sullivan (1973-1976),19,2,2,0,0,2,1 (1ct 0st),0.105,
NM Parker (1976-1976),6,2,2,0,0,2,1 (1ct 0st),0.333,
MJF Shrimpton (1963-1974),17,2,2,0,0,2,1 (1ct 0st),0.117,
GR Stead (1999-1999),9,2,2,0,0,2,1 (1ct 0st),0.222,
DD Taylor (1947-1956),5,2,2,0,0,2,1 (1ct 0st),0.4,
GB Troup (1976-1986),28,2,2,0,0,2,1 (1ct 0st),0.071,
PN Webb (1980-1980),4,2,2,0,0,2,1 (1ct 0st),0.5,
AR Adams (2002-2002),2,1,1,0,0,1,1 (1ct 0st),0.5,
RW Anderson (1976-1978),16,1,1,0,0,1,1 (1ct 0st),0.062,
WM Anderson (1946-1946),1,1,1,0,0,1,1 (1ct 0st),1,
B Andrews (1973-1974),3,1,1,0,0,1,1 (1ct 0st),0.333,
FT Badcock (1930-1933),10,1,1,0,0,1,1 (1ct 0st),0.1,
RT Barber (1956-1956),2,1,1,0,0,1,1 (1ct 0st),0.5,
W Bell (1954-1954),4,1,1,0,0,1,1 (1ct 0st),0.25,
BA Bolton (1959-1959),2,1,1,0,0,1,1 (1ct 0st),0.5,
BP Bracewell (1978-1985),11,1,1,0,0,1,1 (1ct 0st),0.09,
IB Cromb (1931-1932),7,1,1,0,0,1,1 (1ct 0st),0.142,
RS Cunis (1964-1972),38,1,1,0,0,1,1 (1ct 0st),0.026,
EW Dempster (1953-1954),9,1,1,0,0,1,1 (1ct 0st),0.111,
MR Gillespie (2007-2012),8,1,1,0,0,1,1 (1ct 0st),0.125,
M Henderson (1930-1930),2,1,1,0,0,1,1 (1ct 0st),0.5,
KW Hough (1959-1959),2,1,1,0,0,1,1 (1ct 0st),0.5,
CM Kuggeleijn (1988-1988),4,1,1,0,0,1,1 (1ct 0st),0.25,
AF Lissette (1956-1956),2,1,1,0,0,1,1 (1ct 0st),0.5,
HJH Marshall (2000-2006),23,1,1,0,0,1,1 (1ct 0st),0.043,
LSM Miller (1953-1958),20,1,1,0,0,1,1 (1ct 0st),0.05,
JE Mills (1930-1933),10,1,1,0,0,1,1 (1ct 0st),0.1,
BD Morrison (1963-1963),1,1,1,0,0,1,1 (1ct 0st),1,
GWF Overton (1953-1954),5,1,1,0,0,1,1 (1ct 0st),0.2,
MB Poore (1953-1956),20,1,1,0,0,1,1 (1ct 0st),0.05,
N Puna (1966-1966),5,1,1,0,0,1,1 (1ct 0st),0.2,
CG Rowe (1946-1946),1,1,1,0,0,1,1 (1ct 0st),1,
IM Sinclair (1956-1956),3,1,1,0,0,1,1 (1ct 0st),0.333,
FB Smith (1947-1952),7,1,1,0,0,1,1 (1ct 0st),0.142,
DA Stirling (1984-1986),11,1,1,0,0,1,1 (1ct 0st),0.09,
PB Truscott (1965-1965),2,1,1,0,0,1,1 (1ct 0st),0.5,
JEF Beck (1953-1956),14,0,0,0,0,0,0,0,
HK Bennett (2010-2010),2,0,0,0,0,0,0,0,
NT Broom (2017-2017),4,0,0,0,0,0,0,0,
C Burke (1946-1946),1,0,0,0,0,0,0,0,
LA Butterfield (1946-1946),1,0,0,0,0,0,0,0,
DC Cleverley (1932-1946),2,0,0,0,0,0,0,0,
GF Cresswell (1949-1951),4,0,0,0,0,0,0,0,
JW D'Arcy (1958-1958),6,0,0,0,0,0,0,0,
RP de Groen (1993-1994),7,0,0,0,0,0,0,0,
RWG Emery (1952-1952),3,0,0,0,0,0,0,0,
FE Fisher (1953-1953),1,0,0,0,0,0,0,0,
H Foley (1930-1930),2,0,0,0,0,0,0,0,
DL Freeman (1933-1933),2,0,0,0,0,0,0,0,
N Gallichan (1937-1937),2,0,0,0,0,0,0,0,
SG Gedye (1964-1965),8,0,0,0,0,0,0,0,
SR Gillespie (1986-1986),1,0,0,0,0,0,0,0,
NS Harford (1955-1958),11,0,0,0,0,0,0,0,
RM Harris (1959-1959),2,0,0,0,0,0,0,0,
PJ Ingram (2010-2010),4,0,0,0,0,0,0,0,
RA Jones (2003-2003),2,0,0,0,0,0,0,0,
JG Leggat (1952-1956),10,0,0,0,0,0,0,0,
GR Loveridge (1996-1996),2,0,0,0,0,0,0,0,
HM McGirr (1930-1930),3,0,0,0,0,0,0,0,
AJ McKay (2010-2010),1,0,0,0,0,0,0,0,
EG McLeod (1930-1930),2,0,0,0,0,0,0,0,
DAN McRae (1946-1946),1,0,0,0,0,0,0,0,
BP Martin (2013-2013),9,0,0,0,0,0,0,0,
MJ Mason (2004-2004),2,0,0,0,0,0,0,0,
T Meale (1958-1958),3,0,0,0,0,0,0,0,
EM Meuli (1953-1953),1,0,0,0,0,0,0,0,
C Munro (2013-2013),1,0,0,0,0,0,0,0,
J Newman (1932-1933),3,0,0,0,0,0,0,0,
MW Priest (1990-1998),5,0,0,0,0,0,0,0,
RE Redmond (1973-1973),2,0,0,0,0,0,0,0,
GK Robertson (1986-1986),2,0,0,0,0,0,0,0,
RH Scott (1947-1947),1,0,0,0,0,0,0,0,
DG Sewell (1997-1997),2,0,0,0,0,0,0,0,
HD Smith (1933-1933),1,0,0,0,0,0,0,0,
CA Snedden (1947-1947),1,0,0,0,0,0,0,0,
WER Somerville (2018-2018),2,0,0,0,0,0,0,0,
K Thomson (1968-1968),4,0,0,0,0,0,0,0,
RH Vance (1988-1989),4,0,0,0,0,0,0,0,
BGK Walker (2000-2002),8,0,0,0,0,0,0,0,
KP Walmsley (1995-2000),6,0,0,0,0,0,0,0,
L Watt (1955-1955),2,0,0,0,0,0,0,0,
MG Webb (1971-1974),6,0,0,0,0,0,0,0,
DJ White (1990-1990),3,0,0,0,0,0,0,0,
PE Whitelaw (1933-1933),2,0,0,0,0,0,0,0,
MS Dhoni (2005-2014),166,294,256,38,256,0,6 (6ct 0st),1.771,
R Dravid (1996-2012),299,209,209,0,0,209,3 (3ct 0st),0.698,
SMH Kirmani (1976-1986),151,198,160,38,160,0,6 (5ct 1st),1.311,
VVS Laxman (1996-2012),248,135,135,0,0,135,4 (4ct 0st),0.544,
KS More (1986-1993),90,130,110,20,110,0,5 (0ct 5st),1.444,
SR Tendulkar (1989-2013),366,115,115,0,0,115,3 (3ct 0st),0.314,
SM Gavaskar (1971-1987),216,108,108,0,0,108,3 (3ct 0st),0.5,
NR Mongia (1994-2001),77,107,99,8,99,0,5 (5ct 0st),1.389,
M Azharuddin (1984-2000),177,105,105,0,0,105,5 (5ct 0st),0.593,
V Sehwag (2001-2013),190,90,90,0,0,90,3 (3ct 0st),0.473,
WP Saha (2010-2018),61,85,75,10,75,0,6 (5ct 1st),1.393,
FM Engineer (1961-1975),83,82,66,16,66,0,3 (3ct 0st),0.987,
DB Vengsarkar (1976-1992),202,78,78,0,0,78,4 (4ct 0st),0.386,
AM Rahane (2013-2019),106,73,73,0,0,73,5 (5ct 0st),0.688,
V Kohli (2011-2019),146,72,72,0,0,72,3 (3ct 0st),0.493,
PA Patel (2002-2018),47,72,62,10,62,0,4 (4ct 0st),1.531,
SC Ganguly (1996-2008),208,71,71,0,0,71,3 (3ct 0st),0.341,
N Kapil Dev (1978-1994),230,64,64,0,0,64,2 (2ct 0st),0.278,
KD Karthik (2004-2018),49,63,57,6,51,6,4 (4ct 0st),1.285,
GR Viswanath (1969-1983),159,63,63,0,0,63,3 (3ct 0st),0.396,
A Kumble (1990-2008),242,60,60,0,0,60,2 (2ct 0st),0.247,
ED Solkar (1969-1977),50,53,53,0,0,53,4 (4ct 0st),1.06,
NS Tamhane (1955-1961),35,51,35,16,35,0,4 (4ct 0st),1.457,
M Vijay (2008-2018),115,49,49,0,0,49,2 (2ct 0st),0.426,
M Amarnath (1969-1988),115,47,47,0,0,47,3 (3ct 0st),0.408,
AL Wadekar (1966-1974),69,46,46,0,0,46,4 (4ct 0st),0.666,
CA Pujara (2010-2019),130,45,45,0,0,45,3 (3ct 0st),0.346,
S Venkataraghavan (1965-1983),101,44,44,0,0,44,4 (4ct 0st),0.435,
KL Rahul (2014-2019),66,43,43,0,1,42,4 (4ct 0st),0.651,
Harbhajan Singh (1998-2015),192,42,42,0,0,42,2 (2ct 0st),0.218,
RR Pant (2018-2019),18,42,40,2,40,0,6 (6ct 0st),2.333,
K Srikkanth (1981-1992),78,40,40,0,0,40,5 (5ct 0st),0.512,
CPS Chauhan (1969-1981),71,38,38,0,0,38,3 (3ct 0st),0.535,
G Gambhir (2004-2016),104,38,38,0,0,38,2 (2ct 0st),0.365,
CG Borde (1958-1969),96,37,37,0,0,37,3 (3ct 0st),0.385,
RJ Shastri (1981-1992),140,36,36,0,0,36,2 (2ct 0st),0.257,
SS Das (2000-2002),43,34,34,0,0,34,3 (3ct 0st),0.79,
MH Mankad (1946-1959),72,33,33,0,0,33,3 (3ct 0st),0.458,
PR Umrigar (1948-1962),101,33,33,0,0,33,3 (3ct 0st),0.326,
S Abid Ali (1967-1974),53,32,32,0,0,32,3 (3ct 0st),0.603,
RA Jadeja (2012-2019),79,31,31,0,0,31,3 (3ct 0st),0.392,
PK Sen (1948-1952),21,31,20,11,20,0,4 (4ct 0st),1.476,
Yuvraj Singh (2003-2012),76,31,31,0,0,31,2 (2ct 0st),0.407,
BK Kunderan (1960-1967),31,30,23,7,21,2,5 (3ct 2st),0.967,
S Dhawan (2013-2018),66,28,28,0,0,28,2 (2ct 0st),0.424,
W Jaffer (2000-2008),58,27,27,0,0,27,3 (3ct 0st),0.465,
PG Joshi (1951-1960),20,27,18,9,18,0,4 (2ct 2st),1.35,
MAK Pataudi (1961-1975),84,27,27,0,0,27,2 (2ct 0st),0.321,
BS Bedi (1966-1979),121,26,26,0,0,26,1 (1ct 0st),0.214,
SV Manjrekar (1987-1996),68,26,25,1,0,25,3 (3ct 0st),0.382,
RF Surti (1960-1969),47,26,26,0,0,26,3 (3ct 0st),0.553,
BS Chandrasekhar (1964-1979),102,25,25,0,0,25,2 (2ct 0st),0.245,
RG Sharma (2013-2018),53,25,25,0,0,25,3 (3ct 0st),0.471,
R Ashwin (2011-2018),124,23,23,0,0,23,2 (2ct 0st),0.185,
SK Raina (2010-2015),33,23,23,0,0,23,2 (2ct 0st),0.696,
RG Nadkarni (1955-1968),73,22,22,0,0,22,2 (2ct 0st),0.301,
J Srinath (1991-2002),122,22,22,0,0,22,2 (2ct 0st),0.18,
VL Manjrekar (1951-1965),96,21,19,2,2,17,2 (2ct 0st),0.218,
DG Phadkar (1947-1959),50,21,21,0,0,21,2 (2ct 0st),0.42,
M Prabhakar (1984-1995),69,20,20,0,0,20,2 (2ct 0st),0.289,
GS Ramchand (1952-1960),57,20,20,0,0,20,3 (3ct 0st),0.35,
Z Khan (2000-2014),173,19,19,0,0,19,2 (2ct 0st),0.109,
I Sharma (2007-2018),165,19,19,0,0,19,1 (1ct 0st),0.115,
NJ Contractor (1955-1962),54,18,18,0,0,18,2 (2ct 0st),0.333,
EAS Prasanna (1962-1978),88,18,18,0,0,18,2 (2ct 0st),0.204,
S Ramesh (1999-2001),36,18,18,0,0,18,2 (2ct 0st),0.5,
ML Jaisimha (1959-1971),72,17,17,0,0,17,1 (1ct 0st),0.236,
BP Patel (1974-1977),37,17,17,0,0,17,3 (3ct 0st),0.459,
KD Ghavri (1974-1981),69,16,16,0,0,16,2 (2ct 0st),0.231,
CS Pandit (1986-1992),9,16,14,2,11,3,4 (4ct 0st),1.777,
P Roy (1951-1960),72,16,16,0,0,16,2 (2ct 0st),0.222,
Yashpal Sharma (1979-1983),60,16,16,0,0,16,2 (2ct 0st),0.266,
A Chopra (2003-2004),19,15,15,0,0,15,3 (3ct 0st),0.789,
AD Gaekwad (1974-1985),66,15,15,0,0,15,2 (2ct 0st),0.227,
S Madan Lal (1974-1986),66,15,15,0,0,15,1 (1ct 0st),0.227,
MSK Prasad (1999-2000),11,15,15,0,15,0,4 (4ct 0st),1.363,
SS Dighe (2001-2001),11,14,12,2,12,0,3 (3ct 0st),1.272,
SA Durani (1960-1973),53,14,14,0,0,14,3 (3ct 0st),0.264,
SP Gupte (1951-1961),61,14,14,0,0,14,2 (2ct 0st),0.229,
M Kaif (2000-2006),24,14,14,0,0,14,4 (4ct 0st),0.583,
UT Yadav (2011-2018),80,14,14,0,0,14,2 (2ct 0st),0.175,
L Amarnath (1933-1952),38,13,13,0,5,8,3 (3ct 0st),0.342,
J Arun Lal (1982-1989),30,13,13,0,0,13,2 (2ct 0st),0.433,
D Dasgupta (2001-2002),15,13,13,0,13,0,3 (3ct 0st),0.866,
A Ratra (2002-2002),11,13,11,2,11,0,3 (2ct 1st),1.181,
RK Chauhan (1993-1998),36,12,12,0,0,12,2 (2ct 0st),0.333,
AV Mankad (1969-1978),43,12,12,0,0,12,2 (2ct 0st),0.279,
SM Patil (1980-1984),49,12,12,0,0,12,2 (2ct 0st),0.244,
V Rathour (1996-1997),11,12,12,0,0,12,2 (2ct 0st),1.09,
RMH Binny (1979-1987),47,11,11,0,0,11,1 (1ct 0st),0.234,
Ghulam Ahmed (1948-1959),37,11,11,0,0,11,1 (1ct 0st),0.297,
Hanumant Singh (1964-1969),25,11,11,0,0,11,2 (2ct 0st),0.44,
VS Hazare (1946-1953),48,11,11,0,0,11,2 (2ct 0st),0.229,
B Reddy (1979-1979),5,11,9,2,9,0,3 (3ct 0st),2.2,
S Viswanath (1985-1985),6,11,11,0,11,0,4 (4ct 0st),1.833,
Yajurvindra Singh (1977-1979),8,11,11,0,0,11,5 (5ct 0st),1.375,
DR Doshi (1979-1983),57,10,10,0,0,10,2 (2ct 0st),0.175,
PP Ojha (2009-2013),48,10,10,0,0,10,1 (1ct 0st),0.208,
NS Yadav (1979-1987),64,10,10,0,0,10,1 (1ct 0st),0.156,
PK Amre (1992-1993),21,9,9,0,0,9,2 (2ct 0st),0.428,
RB Desai (1959-1968),45,9,9,0,0,9,2 (2ct 0st),0.2,
KS Indrajitsinhji (1964-1969),8,9,6,3,6,0,2 (2ct 0st),1.125,
Maninder Singh (1982-1993),57,9,9,0,0,9,1 (1ct 0st),0.157,
MK Mantri (1951-1955),8,9,8,1,6,2,4 (3ct 1st),1.125,
Mohammed Shami (2013-2019),77,9,9,0,0,9,1 (1ct 0st),0.116,
NS Sidhu (1983-1999),90,9,9,0,0,9,2 (2ct 0st),0.1,
L Sivaramakrishnan (1983-1986),16,9,9,0,0,9,2 (2ct 0st),0.562,
V Subramanya (1965-1968),15,9,9,0,0,9,3 (3ct 0st),0.6,
HR Adhikari (1947-1959),30,8,8,0,0,8,2 (2ct 0st),0.266,
P Krishnamurthy (1971-1971),10,8,7,1,7,0,2 (2ct 0st),0.8,
B Kumar (2013-2018),38,8,8,0,0,8,2 (2ct 0st),0.21,
A Mishra (2008-2016),40,8,8,0,0,8,1 (1ct 0st),0.2,
MV Narasimha Rao (1978-1979),8,8,8,0,0,8,2 (2ct 0st),1,
IK Pathan (2003-2008),54,8,8,0,0,8,1 (1ct 0st),0.148,
Dilawar Hussain (1934-1936),6,7,6,1,6,0,3 (3ct 0st),1.166,
SB Joshi (1996-2000),28,7,7,0,0,7,1 (1ct 0st),0.25,
VG Kambli (1993-1995),30,7,7,0,0,7,1 (1ct 0st),0.233,
VM Merchant (1933-1951),18,7,7,0,0,7,2 (2ct 0st),0.388,
S Mushtaq Ali (1934-1952),19,7,7,0,0,7,1 (1ct 0st),0.368,
HH Pandya (2017-2018),21,7,7,0,0,7,1 (1ct 0st),0.333,
C Sharma (1984-1989),40,7,7,0,0,7,1 (1ct 0st),0.175,
AB Agarkar (1998-2006),48,6,6,0,0,6,1 (1ct 0st),0.125,
HK Badani (2001-2001),7,6,6,0,0,6,2 (2ct 0st),0.857,
AA Baig (1959-1967),17,6,6,0,0,6,1 (1ct 0st),0.352,
V Dahiya (2000-2000),4,6,6,0,6,0,3 (3ct 0st),1.5,
CV Gadkari (1953-1955),10,6,6,0,0,6,3 (3ct 0st),0.6,
A Mukund (2011-2017),14,6,6,0,0,6,2 (2ct 0st),0.428,
KK Nair (2016-2017),12,6,6,0,0,6,2 (2ct 0st),0.5,
MM Patel (2006-2011),25,6,6,0,0,6,2 (2ct 0st),0.24,
BKV Prasad (1996-2001),59,6,6,0,0,6,1 (1ct 0st),0.101,
SLV Raju (1990-2001),52,6,6,0,0,6,1 (1ct 0st),0.115,
WV Raman (1988-1997),21,6,6,0,0,6,2 (2ct 0st),0.285,
RP Singh (2006-2011),25,6,6,0,0,6,1 (1ct 0st),0.24,
RV Divecha (1951-1952),7,5,5,0,0,5,2 (2ct 0st),0.714,
DK Gaekwad (1952-1961),17,5,5,0,0,5,1 (1ct 0st),0.294,
ND Hirwani (1988-1996),31,5,5,0,0,5,1 (1ct 0st),0.161,
A Jadeja (1992-2000),25,5,5,0,0,5,2 (2ct 0st),0.2,
R Lamba (1986-1987),7,5,5,0,0,5,3 (3ct 0st),0.714,
A Nehra (1999-2004),30,5,5,0,0,5,1 (1ct 0st),0.166,
NV Ojha (2015-2015),2,5,4,1,4,0,3 (2ct 1st),2.5,
PH Punjabi (1955-1955),9,5,5,0,0,5,1 (1ct 0st),0.555,
RR Singh (1998-1998),2,5,5,0,0,5,3 (3ct 0st),2.5,
S Sreesanth (2006-2011),50,5,5,0,0,5,2 (2ct 0st),0.1,
S Amarnath (1976-1978),17,4,4,0,0,4,2 (2ct 0st),0.235,
SB Bangar (2001-2002),22,4,4,0,0,4,1 (1ct 0st),0.181,
STR Binny (2014-2015),9,4,4,0,0,4,1 (1ct 0st),0.444,
JM Ghorpade (1953-1959),12,4,4,0,0,4,1 (1ct 0st),0.333,
M Jahangir Khan (1932-1936),7,4,4,0,0,4,3 (3ct 0st),0.571,
AG Kripal Singh (1955-1964),25,4,4,0,0,4,1 (1ct 0st),0.16,
CK Nayudu (1932-1936),13,4,4,0,0,4,1 (1ct 0st),0.307,
CT Patankar (1955-1956),2,4,3,1,3,0,4 (3ct 1st),2,
V Rajindernath (1952-1952),2,4,0,4,0,0,2 (0ct 2st),2,
DN Sardesai (1961-1972),55,4,4,0,0,4,1 (1ct 0st),0.072,
Surendranath (1958-1961),17,4,4,0,0,4,2 (2ct 0st),0.235,
MA Agarwal (2018-2019),4,3,3,0,0,3,2 (2ct 0st),0.75,
L Amar Singh (1932-1936),13,3,3,0,0,3,1 (1ct 0st),0.23,
KBJ Azad (1981-1983),14,3,3,0,0,3,1 (1ct 0st),0.214,
SA Banerjee (1948-1949),2,3,3,0,0,3,2 (2ct 0st),1.5,
JJ Bumrah (2018-2019),20,3,3,0,0,3,1 (1ct 0st),0.15,
DJ Gandhi (1999-1999),8,3,3,0,0,3,1 (1ct 0st),0.375,
MJ Gopalan (1934-1934),2,3,3,0,0,3,2 (2ct 0st),1.5,
Gul Mohammad (1946-1952),11,3,3,0,0,3,1 (1ct 0st),0.272,
MS Hardikar (1958-1958),4,3,3,0,0,3,2 (2ct 0st),0.75,
DD Hindlekar (1936-1946),7,3,3,0,3,0,1 (1ct 0st),0.428,
JK Irani (1947-1947),2,3,2,1,2,0,2 (1ct 1st),1.5,
Kuldeep Yadav (2017-2019),11,3,3,0,0,3,1 (1ct 0st),0.272,
ES Maka (1952-1953),3,3,2,1,2,0,3 (2ct 1st),1,
RS Modi (1946-1952),16,3,3,0,0,3,1 (1ct 0st),0.187,
CS Nayudu (1934-1952),17,3,3,0,0,3,1 (1ct 0st),0.176,
R Vijay Bharadwaj (1999-2000),5,3,3,0,0,3,2 (2ct 0st),0.6,
V Yadav (1993-1993),2,3,1,2,1,0,2 (0ct 2st),1.5,
ML Apte (1952-1953),12,2,2,0,0,2,1 (1ct 0st),0.166,
Arshad Ayub (1987-1989),24,2,2,0,0,2,1 (1ct 0st),0.083,
B Arun (1986-1987),3,2,2,0,0,2,1 (1ct 0st),0.666,
S Badrinath (2010-2010),3,2,2,0,0,2,1 (1ct 0st),0.666,
SHM Colah (1932-1933),4,2,2,0,0,2,2 (2ct 0st),0.5,
CD Gopinath (1951-1960),14,2,2,0,0,2,1 (1ct 0st),0.142,
GM Guard (1958-1960),4,2,2,0,0,2,2 (2ct 0st),0.5,
S Guha (1967-1969),8,2,2,0,0,2,1 (1ct 0st),0.25,
Gursharan Singh (1990-1990),2,2,2,0,0,2,1 (1ct 0st),1,
RJD Jamshedji (1933-1933),2,2,2,0,0,2,2 (2ct 0st),1,
M Kartik (2000-2004),15,2,2,0,0,2,1 (1ct 0st),0.133,
P Kumar (2011-2011),11,2,2,0,0,2,2 (2ct 0st),0.181,
VV Kumar (1961-1961),4,2,2,0,0,2,1 (1ct 0st),0.5,
AO Malhotra (1982-1985),11,2,2,0,0,2,1 (1ct 0st),0.181,
AG Milkha Singh (1960-1961),7,2,2,0,0,2,1 (1ct 0st),0.285,
M Nissar (1932-1936),11,2,2,0,0,2,1 (1ct 0st),0.181,
Pankaj Singh (2014-2014),3,2,2,0,0,2,1 (1ct 0st),0.666,
JM Patel (1955-1960),11,2,2,0,0,2,1 (1ct 0st),0.181,
Yuvraj of Patiala (1934-1934),2,2,2,0,0,2,1 (1ct 0st),1,
G Sharma (1985-1990),9,2,2,0,0,2,1 (1ct 0st),0.222,
PP Shaw (2018-2018),4,2,2,0,0,2,2 (2ct 0st),0.5,
SW Sohoni (1946-1951),6,2,2,0,0,2,1 (1ct 0st),0.333,
VR Aaron (2011-2015),15,1,1,0,0,1,1 (1ct 0st),0.066,
SV Bahutule (2001-2001),3,1,1,0,0,1,1 (1ct 0st),0.333,
L Balaji (2003-2005),15,1,1,0,0,1,1 (1ct 0st),0.066,
P Bhandari (1955-1956),6,1,1,0,0,1,1 (1ct 0st),0.166,
PP Chawla (2006-2012),6,1,1,0,0,1,1 (1ct 0st),0.166,
HT Dani (1952-1952),2,1,1,0,0,1,1 (1ct 0st),0.5,
A Gandotra (1969-1969),4,1,1,0,0,1,1 (1ct 0st),0.25,
AR Kapoor (1994-1996),7,1,1,0,0,1,1 (1ct 0st),0.142,
AH Kardar (1946-1946),5,1,1,0,0,1,1 (1ct 0st),0.2,
SS Karim (2000-2000),2,1,1,0,1,0,1 (1ct 0st),0.5,
RB Kenny (1958-1960),8,1,1,0,0,1,1 (1ct 0st),0.125,
G Kishenchand (1947-1952),5,1,1,0,0,1,1 (1ct 0st),0.2,
NM Kulkarni (1997-2001),3,1,1,0,0,1,1 (1ct 0st),0.333,
RR Kulkarni (1986-1987),6,1,1,0,0,1,1 (1ct 0st),0.166,
Lall Singh (1932-1932),2,1,1,0,0,1,1 (1ct 0st),0.5,
KR Meherhomji (1936-1936),1,1,1,0,1,0,1 (1ct 0st),1,
VL Mehra (1955-1964),16,1,1,0,0,1,1 (1ct 0st),0.062,
PL Mhambrey (1996-1996),4,1,1,0,0,1,1 (1ct 0st),0.25,
JG Navle (1932-1933),4,1,1,0,1,0,1 (1ct 0st),0.25,
SV Nayak (1982-1982),3,1,1,0,0,1,1 (1ct 0st),0.333,
GAHM Parkar (1982-1982),2,1,1,0,0,1,1 (1ct 0st),0.5,
RGM Patel (1988-1988),2,1,1,0,0,1,1 (1ct 0st),0.5,
SR Patil (1955-1955),2,1,1,0,0,1,1 (1ct 0st),0.5,
LS Rajput (1985-1985),4,1,1,0,0,1,1 (1ct 0st),0.25,
L Ramji (1933-1933),2,1,1,0,0,1,1 (1ct 0st),0.5,
KM Rangnekar (1947-1948),4,1,1,0,0,1,1 (1ct 0st),0.25,
VB Ranjane (1958-1964),14,1,1,0,0,1,1 (1ct 0st),0.071,
MR Rege (1949-1949),1,1,1,0,0,1,1 (1ct 0st),1,
P Roy (1982-1982),2,1,1,0,0,1,1 (1ct 0st),0.5,
BS Sandhu (1983-1983),11,1,1,0,0,1,1 (1ct 0st),0.09,
Sarandeep Singh (2000-2002),5,1,1,0,0,1,1 (1ct 0st),0.2,
AK Sharma (1988-1988),2,1,1,0,0,1,1 (1ct 0st),0.5,
PH Sharma (1974-1977),7,1,1,0,0,1,1 (1ct 0st),0.142,
SK Sharma (1988-1990),4,1,1,0,0,1,1 (1ct 0st),0.25,
RH Shodhan (1952-1953),6,1,1,0,0,1,1 (1ct 0st),0.166,
IR Siddiqui (2001-2001),2,1,1,0,0,1,1 (1ct 0st),0.5,
R Singh (1999-1999),2,1,1,0,0,1,1 (1ct 0st),0.5,
VRV Singh (2006-2007),10,1,1,0,0,1,1 (1ct 0st),0.1,
M Venkataramana (1989-1989),2,1,1,0,0,1,1 (1ct 0st),0.5,
GH Vihari (2018-2019),8,1,1,0,0,1,1 (1ct 0st),0.125,
Vizianagram (1936-1936),5,1,1,0,0,1,1 (1ct 0st),0.2,
AS Wassan (1990-1990),7,1,1,0,0,1,1 (1ct 0st),0.142,
S Wazir Ali (1932-1936),13,1,1,0,0,1,1 (1ct 0st),0.076,
J Yadav (2016-2017),8,1,1,0,0,1,1 (1ct 0st),0.125,
T Yohannan (2001-2002),6,1,1,0,0,1,1 (1ct 0st),0.166,
Amir Elahi (1947-1947),1,0,0,0,0,0,0,0,
SA Ankola (1989-1989),2,0,0,0,0,0,0,0,
AL Apte (1959-1959),1,0,0,0,0,0,0,0,
SN Banerjee (1949-1949),2,0,0,0,0,0,0,0,
ST Banerjee (1992-1992),2,0,0,0,0,0,0,0,
M Baqa Jilani (1936-1936),2,0,0,0,0,0,0,0,
AR Bhat (1983-1983),3,0,0,0,0,0,0,0,
N Chopra (2000-2000),1,0,0,0,0,0,0,0,
NR Chowdhury (1949-1951),3,0,0,0,0,0,0,0,
HG Gaekwad (1952-1952),1,0,0,0,0,0,0,0,
D Ganesh (1997-1997),7,0,0,0,0,0,0,0,
BP Gupte (1961-1965),5,0,0,0,0,0,0,0,
Harvinder Singh (1998-2001),6,0,0,0,0,0,0,0,
KC Ibrahim (1948-1949),6,0,0,0,0,0,0,0,
LP Jai (1933-1933),2,0,0,0,0,0,0,0,
HK Jayantilal (1971-1971),2,0,0,0,0,0,0,0,
DJ Johnson (1996-1996),4,0,0,0,0,0,0,0,
HH Kanitkar (1999-2000),3,0,0,0,0,0,0,0,
HS Kanitkar (1974-1974),3,0,0,0,0,0,0,0,
UN Kulkarni (1967-1968),8,0,0,0,0,0,0,0,
A Kuruvilla (1997-1997),15,0,0,0,0,0,0,0,
A Mithun (2010-2011),8,0,0,0,0,0,0,0,
DS Mohanty (1997-1997),4,0,0,0,0,0,0,0,
VM Muddiah (1959-1960),3,0,0,0,0,0,0,0,
SS Naik (1974-1975),4,0,0,0,0,0,0,0,
Naoomal Jaoomal (1932-1934),6,0,0,0,0,0,0,0,
S Nazir Ali (1932-1934),4,0,0,0,0,0,0,0,
S Nyalchand (1952-1952),1,0,0,0,0,0,0,0,
AM Pai (1969-1969),2,0,0,0,0,0,0,0,
PE Palia (1932-1936),4,0,0,0,0,0,0,0,
RD Parkar (1972-1973),4,0,0,0,0,0,0,0,
DD Parsana (1979-1979),4,0,0,0,0,0,0,0,
Nawab of Pataudi snr (1946-1946),5,0,0,0,0,0,0,0,
RR Powar (2007-2007),4,0,0,0,0,0,0,0,
K Rai Singh (1948-1948),2,0,0,0,0,0,0,0,
Rajinder Pal (1964-1964),2,0,0,0,0,0,0,0,
C Ramaswami (1936-1936),3,0,0,0,0,0,0,0,
CR Rangachari (1948-1948),4,0,0,0,0,0,0,0,
V Razdan (1989-1989),2,0,0,0,0,0,0,0,
AK Roy (1969-1969),8,0,0,0,0,0,0,0,
RL Sanghvi (2001-2001),2,0,0,0,0,0,0,0,
CT Sarwate (1946-1951),13,0,0,0,0,0,0,0,
RC Saxena (1967-1967),2,0,0,0,0,0,0,0,
TAP Sekhar (1983-1983),2,0,0,0,0,0,0,0,
AK Sengupta (1959-1959),2,0,0,0,0,0,0,0,
KV Sharma (2014-2014),2,0,0,0,0,0,0,0,
SG Shinde (1946-1952),13,0,0,0,0,0,0,0,
RC Shukla (1982-1982),2,0,0,0,0,0,0,0,
MM Sood (1960-1960),1,0,0,0,0,0,0,0,
TE Srinivasan (1981-1981),2,0,0,0,0,0,0,0,
GR Sunderam (1955-1956),4,0,0,0,0,0,0,0,
VN Swamy (1955-1955),2,0,0,0,0,0,0,0,
KK Tarapore (1948-1948),1,0,0,0,0,0,0,0,
SN Thakur (2018-2018),2,0,0,0,0,0,0,0,
JD Unadkat (2010-2010),1,0,0,0,0,0,0,0,
R Vinay Kumar (2012-2012),1,0,0,0,0,0,0,0,
B Yograj Singh (1981-1981),2,0,0,0,0,0,0,0,
Wasim Bari (1967-1984),146,228,201,27,201,0,7 (7ct 0st),1.561,
Kamran Akmal (2002-2010),99,206,184,22,184,0,5 (5ct 0st),2.08,
Sarfraz Ahmed (2010-2019),92,157,136,21,136,0,5 (5ct 0st),1.706,
Moin Khan (1990-2004),124,148,128,20,127,1,5 (4ct 1st),1.193,
Younis Khan (2000-2017),221,139,139,0,0,139,4 (4ct 0st),0.628,
Rashid Latif (1992-2003),69,130,119,11,119,0,6 (6ct 0st),1.884,
Saleem Yousuf (1982-1990),58,104,91,13,91,0,5 (5ct 0st),1.793,
Javed Miandad (1976-1993),218,94,93,1,0,93,3 (3ct 0st),0.431,
Imtiaz Ahmed (1952-1962),69,93,77,16,74,3,5 (4ct 1st),1.347,
Inzamam-ul-Haq (1992-2007),217,81,81,0,0,81,4 (4ct 0st),0.373,
Adnan Akmal (2010-2014),41,77,66,11,66,0,6 (6ct 0st),1.878,
Majid Khan (1964-1983),116,70,70,0,5,65,4 (4ct 0st),0.603,
Asad Shafiq (2010-2019),131,65,65,0,0,65,3 (3ct 0st),0.496,
Mohammad Yousuf (1998-2010),168,65,65,0,0,65,3 (3ct 0st),0.386,
Saleem Malik (1982-1999),184,65,65,0,0,65,3 (3ct 0st),0.353,
Azhar Ali (2010-2019),138,61,61,0,0,61,3 (3ct 0st),0.442,
Misbah-ul-Haq (2001-2017),143,50,50,0,0,50,3 (3ct 0st),0.349,
Mudassar Nazar (1976-1989),133,48,48,0,0,48,2 (2ct 0st),0.36,
Taufeeq Umar (2001-2014),83,48,48,0,4,44,4 (4ct 0st),0.578,
Ijaz Ahmed (1987-2001),110,45,45,0,0,45,3 (3ct 0st),0.409,
Mohammad Hafeez (2003-2018),107,45,45,0,0,45,2 (2ct 0st),0.42,
Wasim Akram (1985-2002),186,44,44,0,0,44,3 (3ct 0st),0.236,
Iqbal Qasim (1976-1988),89,42,42,0,0,42,3 (3ct 0st),0.471,
Mushtaq Mohammad (1959-1979),102,42,42,0,0,42,2 (2ct 0st),0.411,
Hanif Mohammad (1952-1969),95,40,40,0,2,38,4 (4ct 0st),0.421,
Imran Farhat (2001-2013),72,40,40,0,0,40,2 (2ct 0st),0.555,
Aamer Sohail (1992-2000),87,36,36,0,0,36,3 (3ct 0st),0.413,
Asif Iqbal (1964-1980),110,36,36,0,0,36,2 (2ct 0st),0.327,
Mohsin Khan (1978-1986),83,34,34,0,0,34,3 (3ct 0st),0.409,
Rameez Raja (1984-1997),103,34,34,0,0,34,3 (3ct 0st),0.33,
Zaheer Abbas (1969-1985),139,34,34,0,0,34,3 (3ct 0st),0.244,
Imran Khan (1971-1992),158,28,28,0,0,28,3 (3ct 0st),0.177,
Sadiq Mohammad (1969-1981),74,28,28,0,0,28,2 (2ct 0st),0.378,
Sarfraz Nawaz (1969-1984),98,26,26,0,0,26,3 (3ct 0st),0.265,
Anil Dalpat (1984-1985),15,25,22,3,22,0,3 (3ct 0st),1.666,
Mohammad Wasim (1996-2000),32,24,22,2,1,21,2 (2ct 0st),0.75,
Mushtaq Ahmed (1990-2003),94,23,23,0,0,23,2 (2ct 0st),0.244,
Ashraf Ali (1982-1987),14,22,17,5,17,0,4 (2ct 2st),1.571,
Faisal Iqbal (2001-2010),46,22,22,0,0,22,3 (3ct 0st),0.478,
W Mathias (1955-1962),36,22,22,0,0,22,4 (4ct 0st),0.611,
Shoaib Mohammad (1983-1995),79,22,22,0,0,22,2 (2ct 0st),0.278,
Intikhab Alam (1959-1977),87,20,20,0,0,20,2 (2ct 0st),0.229,
Wasim Raja (1973-1985),98,20,20,0,0,20,2 (2ct 0st),0.204,
Yasir Hameed (2003-2010),47,20,20,0,0,20,2 (2ct 0st),0.425,
Asif Mujtaba (1986-1997),44,19,19,0,0,19,2 (2ct 0st),0.431,
Yasir Shah (2014-2019),68,19,19,0,0,19,2 (2ct 0st),0.279,
Danish Kaneria (2000-2010),115,18,18,0,0,18,1 (1ct 0st),0.156,
Saeed Anwar (1990-2001),101,18,18,0,0,18,2 (2ct 0st),0.178,
Shoaib Malik (2001-2015),67,18,18,0,0,18,2 (2ct 0st),0.268,
Waqar Younis (1989-2003),158,18,18,0,0,18,3 (3ct 0st),0.113,
Aamer Malik (1987-1994),26,16,15,1,4,11,4 (4ct 0st),0.615,
Babar Azam (2016-2019),39,16,16,0,0,16,2 (2ct 0st),0.41,
Haroon Rasheed (1977-1983),41,16,16,0,0,16,2 (2ct 0st),0.39,
Abdul Qadir (1977-1990),117,15,15,0,0,15,2 (2ct 0st),0.128,
Abdul Razzaq (1999-2006),85,15,15,0,0,15,2 (2ct 0st),0.176,
AH Kardar (1952-1958),40,15,15,0,0,15,2 (2ct 0st),0.375,
Qasim Umar (1983-1986),42,15,15,0,0,15,2 (2ct 0st),0.357,
Saqlain Mushtaq (1995-2004),87,15,15,0,0,15,2 (2ct 0st),0.172,
Azhar Mahmood (1997-2001),37,14,14,0,0,14,3 (3ct 0st),0.378,
Maqsood Ahmed (1952-1955),27,13,13,0,0,13,2 (2ct 0st),0.481,
Saeed Ahmed (1958-1973),70,13,13,0,0,13,2 (2ct 0st),0.185,
Salman Butt (2003-2010),63,12,12,0,0,12,2 (2ct 0st),0.19,
Shoaib Akhtar (1997-2007),86,12,12,0,0,12,2 (2ct 0st),0.139,
Umar Akmal (2009-2011),31,12,12,0,0,12,2 (2ct 0st),0.387,
Fazal Mahmood (1952-1962),56,11,11,0,0,11,1 (1ct 0st),0.196,
Nasim-ul-Ghani (1958-1973),49,11,11,0,0,11,2 (2ct 0st),0.224,
Saeed Ajmal (2009-2014),67,11,11,0,0,11,2 (2ct 0st),0.164,
Saleem Elahi (1995-2003),23,11,10,1,0,10,4 (4ct 0st),0.478,
Shadab Kabir (1996-2002),9,11,11,0,0,11,3 (3ct 0st),1.222,
Umar Gul (2003-2013),91,11,11,0,0,11,2 (2ct 0st),0.12,
Asim Kamal (2003-2005),23,10,10,0,0,10,2 (2ct 0st),0.434,
Shahid Afridi (1998-2010),52,10,10,0,0,10,2 (2ct 0st),0.192,
Shan Masood (2013-2019),26,10,10,0,0,10,2 (2ct 0st),0.384,
Waqar Hasan (1952-1959),36,10,10,0,0,10,2 (2ct 0st),0.277,
Zulqarnain (1986-1986),6,10,8,2,8,0,3 (3ct 0st),1.666,
Mansoor Akhtar (1980-1990),34,9,9,0,0,9,1 (1ct 0st),0.264,
Naushad Ali (1965-1965),11,9,9,0,9,0,3 (3ct 0st),0.818,
Pervez Sajjad (1964-1973),37,9,9,0,0,9,1 (1ct 0st),0.243,
Rahat Ali (2013-2018),40,9,9,0,0,9,1 (1ct 0st),0.225,
Taslim Arif (1980-1980),10,9,6,3,6,0,2 (1ct 1st),0.9,
Tauseef Ahmed (1980-1993),62,9,9,0,0,9,2 (2ct 0st),0.145,
Abdur Rehman (2007-2014),44,8,8,0,0,8,1 (1ct 0st),0.181,
Akram Raza (1989-1995),15,8,8,0,0,8,2 (2ct 0st),0.533,
Alimuddin (1954-1962),43,8,8,0,0,8,2 (2ct 0st),0.186,
Haris Sohail (2017-2018),19,8,8,0,0,8,2 (2ct 0st),0.421,
Khurram Manzoor (2009-2014),30,8,8,0,0,8,2 (2ct 0st),0.266,
Shujauddin (1954-1962),34,8,8,0,0,8,1 (1ct 0st),0.235,
Imam-ul-Haq (2018-2019),17,7,7,0,0,7,4 (4ct 0st),0.411,
Javed Burki (1960-1969),42,7,7,0,0,7,2 (2ct 0st),0.166,
Manzoor Elahi (1984-1995),10,7,7,0,0,7,2 (2ct 0st),0.7,
Mohammad Sami (2001-2012),66,7,7,0,0,7,2 (2ct 0st),0.106,
Nazar Mohammad (1952-1952),8,7,7,0,0,7,2 (2ct 0st),0.875,
Sami Aslam (2015-2017),25,7,7,0,0,7,2 (2ct 0st),0.28,
Sikander Bakht (1976-1983),48,7,7,0,0,7,1 (1ct 0st),0.145,
Wajahatullah Wasti (1999-2000),10,7,7,0,0,7,3 (3ct 0st),0.7,
Basit Ali (1993-1995),35,6,6,0,0,6,1 (1ct 0st),0.171,
Mohammad Ilyas (1964-1969),19,6,6,0,0,6,2 (2ct 0st),0.315,
Nadeem Abbasi (1989-1989),5,6,6,0,6,0,2 (2ct 0st),1.2,
Asif Masood (1969-1977),29,5,5,0,0,5,1 (1ct 0st),0.172,
Atiq-uz-Zaman (2000-2000),2,5,5,0,5,0,3 (3ct 0st),2.5,
Hasan Raza (1996-2005),13,5,5,0,0,5,2 (2ct 0st),0.384,
Ijaz Butt (1959-1962),13,5,5,0,2,3,2 (2ct 0st),0.384,
Mahmood Hussain (1952-1962),45,5,5,0,0,5,1 (1ct 0st),0.111,
Mohammad Amir (2009-2019),67,5,5,0,0,5,1 (1ct 0st),0.074,
Shafqat Rana (1964-1969),9,5,5,0,0,5,2 (2ct 0st),0.555,
Shahid Nazir (1996-2007),29,5,5,0,0,5,2 (2ct 0st),0.172,
Wahab Riaz (2010-2018),52,5,5,0,0,5,1 (1ct 0st),0.096,
Wazir Mohammad (1952-1959),37,5,5,0,0,5,1 (1ct 0st),0.135,
Zahid Fazal (1990-1995),16,5,5,0,0,5,1 (1ct 0st),0.312,
Zulfiqar Ahmed (1952-1956),16,5,5,0,0,5,1 (1ct 0st),0.312,
Imran Nazir (1999-2002),14,4,4,0,0,4,1 (1ct 0st),0.285,
Junaid Khan (2011-2015),43,4,4,0,0,4,2 (2ct 0st),0.093,
Khan Mohammad (1952-1958),22,4,4,0,0,4,2 (2ct 0st),0.181,
Mohammad Akram (1995-2001),15,4,4,0,0,4,1 (1ct 0st),0.266,
Mohammad Nazir (1969-1983),23,4,4,0,0,4,1 (1ct 0st),0.173,
Mohsin Kamal (1984-1994),15,4,4,0,0,4,1 (1ct 0st),0.266,
Rizwan-uz-Zaman (1981-1989),19,4,4,0,0,4,1 (1ct 0st),0.21,
Shakeel Ahmed jnr (1993-1995),6,4,4,0,0,4,2 (2ct 0st),0.666,
Talat Ali (1972-1979),16,4,4,0,0,4,1 (1ct 0st),0.25,
Zulfiqar Babar (2013-2016),28,4,4,0,0,4,1 (1ct 0st),0.142,
Aftab Gul (1969-1971),11,3,3,0,0,3,1 (1ct 0st),0.272,
Agha Saadat Ali (1955-1955),2,3,3,0,0,3,2 (2ct 0st),1.5,
Ahmed Shehzad (2013-2017),26,3,3,0,0,3,1 (1ct 0st),0.115,
A D'Souza (1959-1962),10,3,3,0,0,3,2 (2ct 0st),0.3,
Fakhar Zaman (2018-2019),6,3,3,0,0,3,1 (1ct 0st),0.5,
Fawad Alam (2009-2009),6,3,3,0,0,3,1 (1ct 0st),0.5,
Hasan Ali (2017-2018),15,3,3,0,0,3,1 (1ct 0st),0.2,
Ijaz Ahmed jnr (1995-1995),4,3,3,0,0,3,2 (2ct 0st),0.75,
Khalid Ibadulla (1964-1967),8,3,3,0,0,3,2 (2ct 0st),0.375,
Mohammad Asif (2005-2010),45,3,3,0,0,3,1 (1ct 0st),0.066,
Mohammad Salman (2011-2011),4,3,2,1,2,0,1 (1ct 0st),0.75,
Naved-ul-Hasan (2004-2007),17,3,3,0,0,3,2 (2ct 0st),0.176,
Salahuddin (1965-1969),9,3,3,0,0,3,1 (1ct 0st),0.333,
Saleem Altaf (1967-1978),41,3,3,0,0,3,1 (1ct 0st),0.073,
Shabbir Ahmed (2003-2005),19,3,3,0,0,3,1 (1ct 0st),0.157,
Tahir Naqqash (1982-1985),27,3,3,0,0,3,1 (1ct 0st),0.111,
Aamer Nazir (1993-1995),12,2,2,0,0,2,2 (2ct 0st),0.166,
Aaqib Javed (1989-1998),38,2,2,0,0,2,1 (1ct 0st),0.052,
Afaq Hussain (1961-1964),4,2,2,0,0,2,1 (1ct 0st),0.5,
Ata-ur-Rehman (1992-1996),23,2,2,0,0,2,1 (1ct 0st),0.086,
Bazid Khan (2005-2005),2,2,2,0,0,2,2 (2ct 0st),1,
Bilal Asif (2018-2018),10,2,2,0,0,2,2 (2ct 0st),0.2,
Ehteshamuddin (1979-1982),8,2,2,0,0,2,1 (1ct 0st),0.25,
Fazl-e-Akbar (1998-2004),8,2,2,0,0,2,1 (1ct 0st),0.25,
Irfan Fazil (2000-2000),2,2,2,0,0,2,1 (1ct 0st),1,
Mohammad Abbas (2017-2019),25,2,2,0,0,2,1 (1ct 0st),0.08,
Mohammad Nawaz (3) (2016-2016),6,2,2,0,0,2,1 (1ct 0st),0.333,
Rashid Khan (1982-1985),7,2,2,0,0,2,1 (1ct 0st),0.285,
Saleem Jaffar (1986-1992),26,2,2,0,0,2,1 (1ct 0st),0.076,
Shahid Israr (1976-1976),2,2,2,0,2,0,2 (2ct 0st),1,
DA Sharpe (1959-1959),6,2,2,0,0,2,2 (2ct 0st),0.333,
Sohail Khan (2009-2016),17,2,2,0,0,2,1 (1ct 0st),0.117,
Sohail Tanvir (2007-2007),4,2,2,0,0,2,1 (1ct 0st),0.5,
Zulqarnain Haider (2010-2010),2,2,2,0,2,0,2 (2ct 0st),1,
Abdul Kadir (1964-1965),8,1,0,1,0,0,1 (0ct 1st),0.125,
Aizaz Cheema (2011-2012),14,1,1,0,0,1,1 (1ct 0st),0.071,
Ali Naqvi (1997-1998),8,1,1,0,0,1,1 (1ct 0st),0.125,
Azeem Hafeez (1983-1985),28,1,1,0,0,1,1 (1ct 0st),0.035,
Haseeb Ahsan (1958-1962),20,1,1,0,0,1,1 (1ct 0st),0.05,
Iftikhar Ahmed (2016-2016),2,1,1,0,0,1,1 (1ct 0st),0.5,
Israr Ali (1952-1959),7,1,1,0,0,1,1 (1ct 0st),0.142,
Kabir Khan (1994-1995),7,1,1,0,0,1,1 (1ct 0st),0.142,
Liaqat Ali (1975-1978),7,1,1,0,0,1,1 (1ct 0st),0.142,
Mohammad Ayub (2012-2012),2,1,1,0,0,1,1 (1ct 0st),0.5,
Mohammad Farooq (1960-1965),11,1,1,0,0,1,1 (1ct 0st),0.09,
Mohammad Hussain (1996-1998),3,1,1,0,0,1,1 (1ct 0st),0.333,
Mohammad Ramzan (1997-1997),1,1,1,0,0,1,1 (1ct 0st),1,
Mohammad Rizwan (2016-2016),2,1,1,0,0,1,1 (1ct 0st),0.5,
Mohammad Talha (2009-2014),6,1,1,0,0,1,1 (1ct 0st),0.166,
Mufasir-ul-Haq (1965-1965),2,1,1,0,0,1,1 (1ct 0st),0.5,
Munir Malik (1959-1962),4,1,1,0,0,1,1 (1ct 0st),0.25,
Nasir Jamshed (2013-2013),4,1,1,0,0,1,1 (1ct 0st),0.25,
Niaz Ahmed (1967-1969),4,1,1,0,0,1,1 (1ct 0st),0.25,
SF Rehman (1958-1958),2,1,1,0,0,1,1 (1ct 0st),0.5,
Shakeel Ahmed snr (1998-1998),2,1,1,0,0,1,1 (1ct 0st),0.5,
Tanvir Ahmed (2010-2013),10,1,1,0,0,1,1 (1ct 0st),0.1,
Umar Amin (2010-2010),8,1,1,0,0,1,1 (1ct 0st),0.125,
Zahoor Elahi (1996-1996),4,1,1,0,0,1,1 (1ct 0st),0.25,
Zakir Khan (1986-1989),4,1,1,0,0,1,1 (1ct 0st),0.25,
Abdur Rauf (2009-2009),6,0,0,0,0,0,0,0,
Aftab Baloch (1969-1975),4,0,0,0,0,0,0,0,
Agha Zahid (1975-1975),2,0,0,0,0,0,0,0,
Ali Hussain Rizvi (1997-1997),1,0,0,0,0,0,0,0,
Amir Elahi (1952-1952),8,0,0,0,0,0,0,0,
Anwar Hussain (1952-1952),6,0,0,0,0,0,0,0,
Anwar Khan (1979-1979),2,0,0,0,0,0,0,0,
Arif Butt (1964-1965),6,0,0,0,0,0,0,0,
Arshad Khan (1997-2005),17,0,0,0,0,0,0,0,
Ashfaq Ahmed (1993-1993),2,0,0,0,0,0,0,0,
Atif Rauf (1994-1994),2,0,0,0,0,0,0,0,
Azam Khan (1996-1996),2,0,0,0,0,0,0,0,
Azhar Khan (1980-1980),2,0,0,0,0,0,0,0,
Azmat Rana (1980-1980),2,0,0,0,0,0,0,0,
Bilawal Bhatti (2013-2014),4,0,0,0,0,0,0,0,
Ehsan Adil (2013-2015),5,0,0,0,0,0,0,0,
Faheem Ashraf (2018-2018),5,0,0,0,0,0,0,0,
Farhan Adil (2003-2003),2,0,0,0,0,0,0,0,
Farooq Hamid (1964-1964),2,0,0,0,0,0,0,0,
Farrukh Zaman (1976-1976),2,0,0,0,0,0,0,0,
MEZ Ghazali (1954-1954),2,0,0,0,0,0,0,0,
Ghulam Abbas (1967-1967),2,0,0,0,0,0,0,0,
Gul Mohammad (1956-1956),2,0,0,0,0,0,0,0,
Humayun Farhat (2001-2001),1,0,0,0,0,0,0,0,
Iftikhar Anjum (2006-2006),2,0,0,0,0,0,0,0,
Ijaz Faqih (1980-1988),8,0,0,0,0,0,0,0,
Imran Khan (2014-2017),18,0,0,0,0,0,0,0,
Jalal-ud-Din (1982-1985),9,0,0,0,0,0,0,0,
Javed Akhtar (1962-1962),1,0,0,0,0,0,0,0,
Khalid Hasan (1954-1954),1,0,0,0,0,0,0,0,
Khalid Wazir (1954-1954),2,0,0,0,0,0,0,0,
Masood Anwar (1990-1990),2,0,0,0,0,0,0,0,
Miran Bakhsh (1955-1955),4,0,0,0,0,0,0,0,
Mir Hamza (2018-2018),2,0,0,0,0,0,0,0,
Mohammad Aslam (1954-1954),1,0,0,0,0,0,0,0,
Mohammad Irfan (2013-2013),6,0,0,0,0,0,0,0,
Mohammad Khalil (2004-2005),4,0,0,0,0,0,0,0,
Mohammad Munaf (1959-1962),8,0,0,0,0,0,0,0,
Mohammad Zahid (1996-2003),9,0,0,0,0,0,0,0,
Nadeem Ghauri (1990-1990),1,0,0,0,0,0,0,0,
Nadeem Khan (1993-1999),4,0,0,0,0,0,0,0,
Naved Anjum (1989-1990),4,0,0,0,0,0,0,0,
Naved Ashraf (1998-2000),4,0,0,0,0,0,0,0,
Naved Latif (2002-2002),2,0,0,0,0,0,0,0,
Qaiser Abbas (2000-2000),2,0,0,0,0,0,0,0,
Riaz Afridi (2004-2004),2,0,0,0,0,0,0,0,
Shadab Khan (2017-2018),7,0,0,0,0,0,0,0,
Shafiq Ahmed (1974-1981),10,0,0,0,0,0,0,0,
Shaheen Shah Afridi (2018-2019),6,0,0,0,0,0,0,0,
Shahid Mahboob (1989-1989),1,0,0,0,0,0,0,0,
Shahid Mahmood (1962-1962),1,0,0,0,0,0,0,0,
Shahid Saeed (1989-1989),2,0,0,0,0,0,0,0,
Sharjeel Khan (2017-2017),2,0,0,0,0,0,0,0,
Usman Salahuddin (2018-2018),1,0,0,0,0,0,0,0,
Yasir Ali (2003-2003),2,0,0,0,0,0,0,0,
Yasir Arafat (2007-2009),5,0,0,0,0,0,0,0,
Younis Ahmed (1969-1987),7,0,0,0,0,0,0,0,
DPMD Jayawardene (1997-2014),270,205,205,0,0,205,4 (4ct 0st),0.759,
KC Sangakkara (2000-2015),248,202,182,20,131,51,5 (5ct 0st),0.814,
HAPW Jayawardene (2000-2015),102,156,124,32,124,0,5 (5ct 0st),1.529,
HP Tillakaratne (1989-2004),141,124,122,2,33,89,5 (5ct 0st),0.879,
RS Kaluwitharana (1992-2004),87,119,93,26,93,0,5 (5ct 0st),1.367,
TM Dilshan (1999-2013),159,88,88,0,11,77,4 (4ct 0st),0.553,
LD Chandimal (2011-2018),96,86,76,10,62,14,6 (5ct 1st),0.895,
N Dickwella (2014-2018),50,83,66,17,65,1,5 (5ct 0st),1.66,
ST Jayasuriya (1991-2007),196,78,78,0,0,78,3 (3ct 0st),0.397,
M Muralitharan (1992-2010),231,70,70,0,0,70,2 (2ct 0st),0.303,
AD Mathews (2009-2018),146,65,65,0,0,65,3 (3ct 0st),0.445,
MS Atapattu (1990-2007),159,58,58,0,0,58,3 (3ct 0st),0.364,
RS Mahanama (1986-1998),81,56,56,0,0,56,4 (4ct 0st),0.691,
RP Arnold (1997-2004),77,51,51,0,0,51,4 (4ct 0st),0.662,
BKG Mendis (2015-2018),63,50,50,0,5,45,4 (4ct 0st),0.793,
A Ranatunga (1982-2000),148,47,47,0,0,47,3 (3ct 0st),0.317,
FDM Karunaratne (2012-2018),105,46,46,0,0,46,3 (3ct 0st),0.438,
TT Samaraweera (2001-2013),145,45,45,0,0,45,3 (3ct 0st),0.31,
PA de Silva (1984-2002),149,43,43,0,0,43,4 (4ct 0st),0.288,
JK Silva (2011-2018),75,35,34,1,6,28,2 (2ct 0st),0.466,
SAR Silva (1983-1988),15,34,33,1,33,0,6 (6ct 0st),2.266,
AP Gurusinha (1985-1996),66,33,33,0,2,31,2 (2ct 0st),0.5,
WPUJC Vaas (1994-2009),196,31,31,0,0,31,2 (2ct 0st),0.158,
NT Paranavitana (2009-2012),53,27,27,0,0,27,2 (2ct 0st),0.509,
DM de Silva (2016-2018),39,25,25,0,0,25,3 (3ct 0st),0.641,
MDKJ Perera (2015-2018),26,25,17,8,14,3,3 (3ct 0st),0.961,
PB Dassanayake (1993-1994),14,24,19,5,19,0,5 (5ct 0st),1.714,
HMRKB Herath (1999-2018),172,24,24,0,0,24,2 (2ct 0st),0.139,
WU Tharanga (2005-2017),58,24,24,0,0,24,3 (3ct 0st),0.413,
RG de Alwis (1983-1988),14,23,21,2,21,0,4 (4ct 0st),1.642,
MDK Perera (2014-2018),68,19,19,0,0,19,2 (2ct 0st),0.279,
GP Wickramasinghe (1991-2001),65,18,18,0,0,18,2 (2ct 0st),0.276,
CI Dunusinghe (1995-1995),9,15,13,2,13,0,4 (4ct 0st),1.666,
RAS Lakmal (2010-2018),101,15,15,0,0,15,1 (1ct 0st),0.148,
J Mubarak (2002-2015),24,15,15,0,0,15,3 (3ct 0st),0.625,
HDRL Thirimanne (2011-2017),55,15,15,0,0,15,2 (2ct 0st),0.272,
HDPK Dharmasena (1993-2004),53,14,14,0,0,14,3 (3ct 0st),0.264,
SM Warnapura (2007-2009),26,14,14,0,0,14,2 (2ct 0st),0.538,
HM Goonatilleke (1982-1982),9,13,10,3,10,0,4 (3ct 1st),1.444,
CRD Fernando (2000-2012),69,10,10,0,0,10,2 (2ct 0st),0.144,
RS Kalpage (1993-1999),16,10,10,0,0,10,2 (2ct 0st),0.625,
KR Pushpakumara (1994-2001),39,10,10,0,0,10,3 (3ct 0st),0.256,
KDK Vithanage (2013-2015),20,10,10,0,0,10,2 (2ct 0st),0.5,
S Wettimuny (1982-1987),35,10,10,0,0,10,2 (2ct 0st),0.285,
AGD Wickremasinghe (1989-1992),6,10,9,1,9,0,3 (3ct 0st),1.666,
ALF de Mel (1982-1986),27,9,9,0,0,9,2 (2ct 0st),0.333,
RS Madugalle (1982-1988),34,9,9,0,0,9,2 (2ct 0st),0.264,
LRD Mendis (1982-1988),37,9,9,0,0,9,1 (1ct 0st),0.243,
RJ Ratnayake (1983-1992),36,9,9,0,0,9,1 (1ct 0st),0.25,
KMDN Kulasekara (2005-2014),40,8,8,0,0,8,2 (2ct 0st),0.2,
UDU Chandana (1999-2005),30,7,7,0,0,7,1 (1ct 0st),0.233,
UC Hathurusingha (1991-1999),44,7,7,0,0,7,1 (1ct 0st),0.159,
MF Maharoof (2004-2011),40,7,7,0,0,7,1 (1ct 0st),0.175,
SL Malinga (2004-2010),59,7,7,0,0,7,2 (2ct 0st),0.118,
LPC Silva (2006-2008),21,7,7,0,0,7,2 (2ct 0st),0.333,
RL Dias (1982-1987),30,6,6,0,0,6,2 (2ct 0st),0.2,
Y Goonasekera (1983-1983),3,6,6,0,0,6,4 (4ct 0st),2,
DAS Gunaratne (2016-2017),12,6,6,0,0,6,2 (2ct 0st),0.5,
MD Gunathilaka (2017-2018),15,6,6,0,0,6,1 (1ct 0st),0.4,
SMS Kaluperuma (1984-1988),6,6,6,0,0,6,2 (2ct 0st),1,
CK Kapugedera (2006-2009),15,6,6,0,0,6,2 (2ct 0st),0.4,
KTGD Prasad (2008-2015),47,6,6,0,0,6,2 (2ct 0st),0.127,
CPH Ramanayake (1988-1993),30,6,6,0,0,6,1 (1ct 0st),0.2,
PADLR Sandakan (2016-2018),21,6,6,0,0,6,1 (1ct 0st),0.285,
MG Vandort (2001-2008),39,6,6,0,0,6,1 (1ct 0st),0.153,
AM de Silva (1993-1993),4,5,4,1,4,0,2 (2ct 0st),1.25,
DS de Silva (1982-1984),19,5,5,0,0,5,2 (2ct 0st),0.263,
KSC de Silva (1997-1999),14,5,5,0,0,5,2 (2ct 0st),0.357,
RMS Eranga (2011-2016),36,5,5,0,0,5,1 (1ct 0st),0.138,
N Pradeep (2011-2017),53,5,5,0,0,5,1 (1ct 0st),0.094,
DP Samaraweera (1993-1995),9,5,5,0,0,5,2 (2ct 0st),0.555,
UWMBCA Welegedara (2007-2014),36,5,5,0,0,5,1 (1ct 0st),0.138,
SD Anurasiri (1986-1998),27,4,4,0,0,4,1 (1ct 0st),0.148,
HMCM Bandara (1998-2006),15,4,4,0,0,4,1 (1ct 0st),0.266,
PVD Chameera (2015-2018),13,4,4,0,0,4,1 (1ct 0st),0.307,
EAR de Silva (1985-1991),16,4,4,0,0,4,1 (1ct 0st),0.25,
TCB Fernando (2001-2002),17,4,4,0,0,4,2 (2ct 0st),0.235,
S Samarawickrama (2017-2017),7,4,4,0,0,4,2 (2ct 0st),0.571,
DNT Zoysa (1997-2004),51,4,4,0,0,4,1 (1ct 0st),0.078,
AMJG Amerasinghe (1984-1984),3,3,3,0,0,3,2 (2ct 0st),1,
PHT Kaushal (2014-2015),14,3,3,0,0,3,2 (2ct 0st),0.214,
CBRLS Kumara (2016-2018),25,3,3,0,0,3,1 (1ct 0st),0.12,
GF Labrooy (1986-1991),15,3,3,0,0,3,1 (1ct 0st),0.2,
CAK Rajitha (2018-2018),5,3,3,0,0,3,3 (3ct 0st),0.6,
MAR Samarasekera (1988-1991),6,3,3,0,0,3,2 (2ct 0st),0.5,
TAM Siriwardana (2015-2016),10,3,3,0,0,3,1 (1ct 0st),0.3,
T Thushara (2003-2010),18,3,3,0,0,3,2 (2ct 0st),0.166,
DA Gunawardene (1999-2005),9,2,2,0,0,2,1 (1ct 0st),0.222,
MDUS Jayasundera (2015-2015),4,2,2,0,0,2,1 (1ct 0st),0.5,
VB John (1983-1984),9,2,2,0,0,2,1 (1ct 0st),0.222,
BR Jurangpathy (1985-1986),3,2,2,0,0,2,2 (2ct 0st),0.666,
S Kalavitigoda (2005-2005),1,2,2,0,0,2,2 (2ct 0st),2,
LWS Kaluperuma (1982-1982),4,2,2,0,0,2,2 (2ct 0st),0.5,
BAW Mendis (2008-2014),31,2,2,0,0,2,1 (1ct 0st),0.064,
PDRL Perera (1999-2002),14,2,2,0,0,2,1 (1ct 0st),0.142,
PM Pushpakumara (2017-2018),6,2,2,0,0,2,2 (2ct 0st),0.333,
S Ranatunga (1994-1997),13,2,2,0,0,2,1 (1ct 0st),0.153,
CP Senanayake (1991-1991),6,2,2,0,0,2,1 (1ct 0st),0.333,
ARS Silva (2017-2018),22,2,2,0,0,2,1 (1ct 0st),0.09,
ML Udawatte (2018-2018),4,2,2,0,0,2,1 (1ct 0st),0.5,
B Warnapura (1982-1982),7,2,2,0,0,2,1 (1ct 0st),0.285,
MD Wettimuny (1983-1983),3,2,2,0,0,2,2 (2ct 0st),0.666,
FS Ahangama (1985-1985),6,1,1,0,0,1,1 (1ct 0st),0.166,
KN Amalean (1986-1988),2,1,1,0,0,1,1 (1ct 0st),0.5,
A Dananjaya (2018-2018),10,1,1,0,0,1,1 (1ct 0st),0.1,
SI de Saram (1999-2000),8,1,1,0,0,1,1 (1ct 0st),0.125,
SKL de Silva (1997-1997),4,1,1,0,1,0,1 (1ct 0st),0.25,
WRS de Silva (2002-2007),6,1,1,0,0,1,1 (1ct 0st),0.166,
KHRK Fernando (2002-2002),3,1,1,0,0,1,1 (1ct 0st),0.333,
S Randiv (2010-2012),21,1,1,0,0,1,1 (1ct 0st),0.047,
DSBP Kuruppu (1987-1991),6,1,1,0,1,0,1 (1ct 0st),0.166,
MKGCP Lakshitha (2002-2002),4,1,1,0,0,1,1 (1ct 0st),0.25,
KS Lokuarachchi (2003-2004),7,1,1,0,0,1,1 (1ct 0st),0.142,
ASA Perera (1998-2001),6,1,1,0,0,1,1 (1ct 0st),0.166,
NLTC Perera (2011-2012),9,1,1,0,0,1,1 (1ct 0st),0.111,
JR Ratnayeke (1982-1989),32,1,1,0,0,1,1 (1ct 0st),0.031,
SMSM Senanayake (2013-2014),2,1,1,0,0,1,1 (1ct 0st),0.5,
MD Shanaka (2016-2017),4,1,1,0,0,1,1 (1ct 0st),0.25,
KJ Silva (1995-1998),12,1,1,0,0,1,1 (1ct 0st),0.083,
RGCE Wijesuriya (1982-1985),6,1,1,0,0,1,1 (1ct 0st),0.166,
MKDI Amerasinghe (2008-2008),2,0,0,0,0,0,0,0,
MRCN Bandaratilleke (1998-2001),14,0,0,0,0,0,0,0,
GRA de Silva (1982-1982),8,0,0,0,0,0,0,0,
ERNS Fernando (1983-1984),8,0,0,0,0,0,0,0,
KADM Fernando (2003-2003),4,0,0,0,0,0,0,0,
MVT Fernando (2016-2017),3,0,0,0,0,0,0,0,
IS Gallage (1999-1999),2,0,0,0,0,0,0,0,
PLS Gamage (2017-2018),9,0,0,0,0,0,0,0,
RPW Guneratne (1983-1983),1,0,0,0,0,0,0,0,
D Hettiarachchi (2001-2001),2,0,0,0,0,0,0,0,
RSA Jayasekera (1982-1982),1,0,0,0,0,0,0,0,
S Jeganathan (1983-1983),3,0,0,0,0,0,0,0,
CKB Kulasekara (2011-2011),2,0,0,0,0,0,0,0,
AK Kuruppuarachchi (1986-1987),3,0,0,0,0,0,0,0,
DK Liyanage (1992-2001),15,0,0,0,0,0,0,0,
MAWR Madurasinghe (1988-1992),5,0,0,0,0,0,0,0,
MN Nawaz (2002-2002),2,0,0,0,0,0,0,0,
RAP Nissanka (2003-2003),7,0,0,0,0,0,0,0,
S Prasanna (2011-2011),1,0,0,0,0,0,0,0,
AN Ranasinghe (1982-1982),4,0,0,0,0,0,0,0,
D Ranatunga (1989-1989),4,0,0,0,0,0,0,0,
KEA Upashantha (1999-2002),4,0,0,0,0,0,0,0,
KPJ Warnaweera (1986-1994),15,0,0,0,0,0,0,0,
CDUS Weerasinghe (1985-1985),2,0,0,0,0,0,0,0,
KIW Wijegunawardene (1991-1992),4,0,0,0,0,0,0,0,
G Wijekoon (2005-2005),4,0,0,0,0,0,0,0,
PK Wijetunge (1993-1993),2,0,0,0,0,0,0,0,
A Flower (1992-2002),110,160,151,9,142,9,5 (5ct 0st),1.454,
T Taibu (2001-2012),42,62,57,5,55,2,4 (4ct 0st),1.476,
ADR Campbell (1992-2002),105,60,60,0,0,60,3 (3ct 0st),0.571,
GW Flower (1992-2004),114,43,43,0,0,43,3 (3ct 0st),0.377,
SV Carlisle (1995-2005),62,34,34,0,0,34,3 (3ct 0st),0.548,
H Masakadza (2001-2018),63,29,29,0,0,29,3 (3ct 0st),0.46,
RW Chakabva (2011-2018),25,28,25,3,24,1,4 (4ct 0st),1.12,
BRM Taylor (2004-2018),45,27,27,0,3,24,2 (2ct 0st),0.6,
R Mutumbami (2013-2014),12,19,17,2,17,0,5 (4ct 1st),1.583,
GJ Whittall (1993-2002),81,19,19,0,0,19,3 (3ct 0st),0.234,
DL Houghton (1992-1997),40,17,17,0,0,17,3 (3ct 0st),0.425,
HH Streak (1993-2005),110,17,17,0,0,17,2 (2ct 0st),0.154,
DD Ebrahim (2001-2005),45,16,16,0,0,16,2 (2ct 0st),0.355,
WR James (1993-1994),7,16,16,0,16,0,5 (5ct 0st),2.285,
V Sibanda (2003-2014),27,16,16,0,0,16,3 (3ct 0st),0.592,
CR Ervine (2011-2017),26,15,15,0,0,15,4 (4ct 0st),0.576,
PA Strang (1994-2001),44,15,15,0,0,15,3 (3ct 0st),0.34,
CB Wishart (1995-2005),45,15,15,0,0,15,2 (2ct 0st),0.333,
TR Gripper (1999-2004),32,14,14,0,0,14,2 (2ct 0st),0.437,
AM Blignaut (2001-2005),31,13,13,0,0,13,3 (3ct 0st),0.419,
GJ Rennie (1997-2002),37,13,13,0,0,13,1 (1ct 0st),0.351,
AG Cremer (2005-2017),29,12,12,0,0,12,2 (2ct 0st),0.413,
MH Dekker (1993-1996),25,12,12,0,0,12,4 (4ct 0st),0.48,
NC Johnson (1998-2000),21,12,12,0,0,12,3 (3ct 0st),0.571,
BA Murphy (2000-2001),20,11,11,0,0,11,1 (1ct 0st),0.55,
BC Strang (1995-2001),46,11,11,0,0,11,1 (1ct 0st),0.239,
MW Goodwin (1998-2000),32,10,10,0,0,10,3 (3ct 0st),0.312,
PJ Moor (2016-2018),14,10,9,1,6,3,3 (2ct 1st),0.714,
HK Olonga (1995-2002),51,10,10,0,0,10,2 (2ct 0st),0.196,
MN Waller (2011-2017),25,10,10,0,0,10,2 (2ct 0st),0.4,
SC Williams (2013-2018),18,9,9,0,0,9,2 (2ct 0st),0.5,
BB Chari (2014-2018),13,8,8,0,3,5,3 (3ct 0st),0.615,
AR Whittall (1996-1999),16,8,8,0,0,8,3 (3ct 0st),0.5,
SM Ervine (2003-2004),6,7,7,0,0,7,2 (2ct 0st),1.166,
S Matsikenyeri (2003-2005),12,7,7,0,0,7,2 (2ct 0st),0.583,
TMK Mawoyo (2011-2016),20,7,7,0,0,7,2 (2ct 0st),0.35,
E Chigumbura (2004-2014),24,6,6,0,0,6,2 (2ct 0st),0.25,
MA Vermeulen (2002-2014),14,6,6,0,0,6,1 (1ct 0st),0.428,
DT Hondo (2001-2005),13,5,5,0,0,5,2 (2ct 0st),0.384,
KJ Arnott (1992-1993),6,4,4,0,0,4,2 (2ct 0st),0.666,
EA Brandes (1992-1999),18,4,4,0,0,4,1 (1ct 0st),0.222,
CB Mpofu (2005-2017),24,4,4,0,0,4,1 (1ct 0st),0.166,
ML Nkala (2000-2005),17,4,4,0,0,4,2 (2ct 0st),0.235,
RW Price (1999-2013),37,4,4,0,0,4,2 (2ct 0st),0.108,
AJ Traicos (1992-1993),6,4,4,0,0,4,2 (2ct 0st),0.666,
CK Coventry (2005-2005),3,3,3,0,0,3,2 (2ct 0st),1,
AG Huckle (1997-1998),14,3,3,0,0,3,1 (1ct 0st),0.214,
KM Jarvis (2011-2018),21,3,3,0,0,3,1 (1ct 0st),0.142,
B Mavuta (2018-2018),4,3,3,0,0,3,2 (2ct 0st),0.75,
T Panyangara (2004-2014),16,3,3,0,0,3,2 (2ct 0st),0.187,
TJ Friend (2001-2004),19,2,2,0,0,2,1 (1ct 0st),0.105,
MP Jarvis (1992-1994),8,2,2,0,0,2,1 (1ct 0st),0.25,
GA Lamb (2011-2011),2,2,2,0,0,2,1 (1ct 0st),1,
DA Marillier (2000-2002),9,2,2,0,0,2,1 (1ct 0st),0.222,
SW Masakadza (2012-2014),9,2,2,0,0,2,1 (1ct 0st),0.222,
M Mbangwa (1996-2000),25,2,2,0,0,2,1 (1ct 0st),0.08,
N M'shangwe (2014-2014),4,2,2,0,0,2,1 (1ct 0st),0.5,
J Nyumbu (2014-2016),6,2,2,0,0,2,1 (1ct 0st),0.333,
AJ Pycroft (1992-1992),5,2,2,0,0,2,1 (1ct 0st),0.4,
Sikandar Raza (2013-2018),21,2,2,0,0,2,1 (1ct 0st),0.095,
DT Tiripano (2014-2018),13,2,2,0,0,2,1 (1ct 0st),0.153,
P Utseya (2004-2013),6,2,2,0,0,2,2 (2ct 0st),0.333,
BV Vitori (2011-2013),7,2,2,0,0,2,1 (1ct 0st),0.285,
DH Brain (1992-1995),16,1,1,0,0,1,1 (1ct 0st),0.062,
GB Brent (1999-2001),6,1,1,0,0,1,1 (1ct 0st),0.166,
RP Burl (2017-2017),1,1,1,0,0,1,1 (1ct 0st),1,
MG Burmester (1992-1992),5,1,1,0,0,1,1 (1ct 0st),0.2,
IP Butchart (1995-1995),2,1,1,0,0,1,1 (1ct 0st),0.5,
KM Dabengwa (2005-2005),4,1,1,0,0,1,1 (1ct 0st),0.25,
T Duffin (2005-2005),3,1,1,0,0,1,1 (1ct 0st),0.333,
CN Evans (1996-2003),4,1,1,0,0,1,1 (1ct 0st),0.25,
GM Ewing (2003-2005),5,1,1,0,0,1,1 (1ct 0st),0.2,
TN Madondo (1998-2000),6,1,1,0,0,1,1 (1ct 0st),0.166,
NB Mahwire (2002-2005),15,1,1,0,0,1,1 (1ct 0st),0.066,
A Maregwede (2004-2004),2,1,1,0,0,1,1 (1ct 0st),0.5,
T Maruma (2013-2013),2,1,1,0,0,1,1 (1ct 0st),0.5,
WP Masakadza (2018-2018),2,1,1,0,0,1,1 (1ct 0st),0.5,
CT Mumba (2016-2016),4,1,1,0,0,1,1 (1ct 0st),0.25,
N Ncube (2011-2011),2,1,1,0,0,1,1 (1ct 0st),0.5,
SG Peall (1993-1994),7,1,1,0,0,1,1 (1ct 0st),0.142,
JA Rennie (1993-1997),8,1,1,0,0,1,1 (1ct 0st),0.125,
BG Rogers (2005-2005),6,1,1,0,0,1,1 (1ct 0st),0.166,
DP Viljoen (1998-2000),3,1,1,0,0,1,1 (1ct 0st),0.333,
AC Waller (1996-1996),4,1,1,0,0,1,1 (1ct 0st),0.25,
GA Briant (1993-1993),1,0,0,0,0,0,0,0,
GK Bruk-Jackson (1993-1993),4,0,0,0,0,0,0,0,
TL Chatara (2013-2018),17,0,0,0,0,0,0,0,
CJ Chibhabha (2016-2017),4,0,0,0,0,0,0,0,
MT Chinouya (2016-2016),3,0,0,0,0,0,0,0,
TS Chisoro (2017-2017),1,0,0,0,0,0,0,0,
GJ Crocker (1992-1992),5,0,0,0,0,0,0,0,
NR Ferreira (2005-2005),1,0,0,0,0,0,0,0,
TP Kamungozi (2014-2014),2,0,0,0,0,0,0,0,
ACI Lock (1995-1995),2,0,0,0,0,0,0,0,
PS Masvaure (2016-2016),3,0,0,0,0,0,0,0,
EZ Matambanadzo (1996-1999),6,0,0,0,0,0,0,0,
KO Meth (2013-2013),4,0,0,0,0,0,0,0,
SF Mire (2017-2017),3,0,0,0,0,0,0,0,
T Mupariwa (2004-2004),1,0,0,0,0,0,0,0,
TK Musakanda (2017-2017),2,0,0,0,0,0,0,0,
DT Mutendera (2000-2000),2,0,0,0,0,0,0,0,
F Mutizwa (2012-2012),1,0,0,0,0,0,0,0,
B Muzarabani (2017-2017),1,0,0,0,0,0,0,0,
W Mwayenga (2005-2005),2,0,0,0,0,0,0,0,
AH Omarshah (1992-1996),5,0,0,0,0,0,0,0,
U Ranchod (1993-1993),1,0,0,0,0,0,0,0,
BT Watambwa (2001-2002),11,0,0,0,0,0,0,0,
Mushfiqur Rahim (2005-2018),114,117,102,15,97,5,5 (5ct 0st),1.026,
Khaled Mashud (2000-2007),61,87,78,9,78,0,4 (4ct 0st),1.426,
Mahmudullah (2009-2018),78,37,36,1,0,36,3 (3ct 0st),0.474,
Imrul Kayes (2008-2018),65,35,35,0,5,30,5 (5ct 0st),0.538,
Mohammad Ashraful (2001-2013),91,25,25,0,0,25,2 (2ct 0st),0.274,
Mominul Haque (2013-2018),57,25,25,0,0,25,2 (2ct 0st),0.438,
Liton Das (2015-2018),20,24,22,2,15,7,4 (3ct 1st),1.2,
Habibul Bashar (2000-2008),70,22,22,0,0,22,2 (2ct 0st),0.314,
Shakib Al Hasan (2007-2018),95,22,22,0,0,22,2 (2ct 0st),0.231,
Shahriar Nafees (2005-2013),38,19,19,0,0,19,2 (2ct 0st),0.5,
Mehidy Hasan Miraz (2016-2018),34,17,17,0,0,17,2 (2ct 0st),0.5,
Rajin Saleh (2003-2008),37,15,15,0,1,14,3 (3ct 0st),0.405,
Soumya Sarkar (2015-2018),21,15,15,0,0,15,4 (4ct 0st),0.714,
Tamim Iqbal (2008-2018),98,14,14,0,0,14,2 (2ct 0st),0.142,
Taijul Islam (2014-2018),42,12,12,0,0,12,2 (2ct 0st),0.285,
Junaid Siddique (2008-2012),33,11,11,0,0,11,2 (2ct 0st),0.333,
Rubel Hossain (2009-2018),46,11,11,0,0,11,1 (1ct 0st),0.239,
Al Sahariar (2000-2003),20,10,10,0,0,10,3 (3ct 0st),0.5,
Javed Omar (2001-2007),54,10,10,0,0,10,2 (2ct 0st),0.185,
Nasir Hossain (2011-2017),33,10,10,0,0,10,2 (2ct 0st),0.303,
Mashrafe Mortaza (2001-2009),52,9,9,0,0,9,1 (1ct 0st),0.173,
Raqibul Hasan (2008-2011),17,9,9,0,0,9,2 (2ct 0st),0.529,
Shahadat Hossain (2005-2015),63,9,9,0,0,9,1 (1ct 0st),0.142,
Nurul Hasan (2017-2018),5,8,5,3,5,0,3 (0ct 3st),1.6,
Shuvagata Hom (2014-2016),14,8,8,0,0,8,2 (2ct 0st),0.571,
Aftab Ahmed (2004-2010),23,7,7,0,0,7,2 (2ct 0st),0.304,
Hannan Sarkar (2002-2004),26,7,7,0,0,7,2 (2ct 0st),0.269,
Jahurul Islam (2010-2013),13,7,7,0,0,7,2 (2ct 0st),0.538,
Mohammad Rafique (2000-2008),48,7,7,0,0,7,1 (1ct 0st),0.145,
Shamsur Rahman (2014-2014),11,7,7,0,0,7,2 (2ct 0st),0.636,
Mehrab Hossain (2000-2003),11,6,6,0,2,4,2 (2ct 0st),0.545,
Mushfiqur Rahman (2001-2004),15,6,6,0,0,6,2 (2ct 0st),0.4,
Tapash Baisya (2002-2005),29,6,6,0,0,6,1 (1ct 0st),0.206,
Alok Kapali (2002-2006),25,5,5,0,0,5,2 (2ct 0st),0.2,
Aminul Islam (2000-2002),16,5,5,0,0,5,3 (3ct 0st),0.312,
Mohammad Sharif (2001-2007),12,5,5,0,0,5,2 (2ct 0st),0.416,
Robiul Islam (2010-2014),17,5,5,0,0,5,1 (1ct 0st),0.294,
Sohag Gazi (2012-2014),18,5,5,0,0,5,1 (1ct 0st),0.277,
Abdur Razzak (2006-2018),21,4,4,0,0,4,1 (1ct 0st),0.19,
Manjural Islam (2001-2004),22,4,4,0,0,4,1 (1ct 0st),0.181,
Mohammad Salim (2003-2003),2,4,3,1,3,0,2 (2ct 0st),2,
Naimur Rahman (2000-2002),11,4,4,0,0,4,2 (2ct 0st),0.363,
Abul Hasan (2012-2013),6,3,3,0,0,3,2 (2ct 0st),0.5,
Akram Khan (2000-2003),11,3,3,0,0,3,1 (1ct 0st),0.272,
Enamul Haque jnr (2003-2013),27,3,3,0,0,3,1 (1ct 0st),0.111,
Manjural Islam Rana (2004-2004),7,3,3,0,0,3,2 (2ct 0st),0.428,
Sabbir Rahman (2016-2018),21,3,3,0,0,3,2 (2ct 0st),0.142,
Anamul Haque (2013-2014),7,2,2,0,0,2,1 (1ct 0st),0.285,
Ariful Haque (2018-2018),4,2,2,0,0,2,1 (1ct 0st),0.5,
Jubair Hossain (2014-2015),9,2,2,0,0,2,1 (1ct 0st),0.222,
Khaled Mahmud (2001-2003),17,2,2,0,0,2,1 (1ct 0st),0.117,
Marshall Ayub (2013-2014),4,2,2,0,0,2,1 (1ct 0st),0.5,
Mehrab Hossain jnr (2007-2009),11,2,2,0,0,2,1 (1ct 0st),0.181,
Mosaddek Hossain (2017-2018),3,2,2,0,0,2,1 (1ct 0st),0.666,
Naeem Islam (2008-2012),15,2,2,0,0,2,1 (1ct 0st),0.133,
Nafees Iqbal (2004-2006),15,2,2,0,0,2,1 (1ct 0st),0.133,
Najmul Hossain Shanto (2017-2018),4,2,2,0,0,2,2 (2ct 0st),0.5,
Shafiul Islam (2010-2017),21,2,2,0,0,2,1 (1ct 0st),0.095,
Elias Sunny (2011-2013),7,1,1,0,0,1,1 (1ct 0st),0.142,
Enamul Haque (2001-2003),13,1,1,0,0,1,1 (1ct 0st),0.076,
Fahim Muntasir (2002-2002),4,1,1,0,0,1,1 (1ct 0st),0.25,
Hasibul Hossain (2000-2001),6,1,1,0,0,1,1 (1ct 0st),0.166,
Mohammad Mithun (2018-2018),6,1,1,0,0,1,1 (1ct 0st),0.166,
Mustafizur Rahman (2015-2018),20,1,1,0,0,1,1 (1ct 0st),0.05,
Nayeem Hasan (2018-2018),4,1,1,0,0,1,1 (1ct 0st),0.25,
Nazimuddin (2011-2012),5,1,1,0,0,1,1 (1ct 0st),0.2,
Ranjan Das (2000-2000),2,1,1,0,0,1,1 (1ct 0st),0.5,
Sanwar Hossain (2001-2003),11,1,1,0,0,1,1 (1ct 0st),0.09,
Shadman Islam (2018-2018),2,1,1,0,0,1,1 (1ct 0st),0.5,
Shahriar Hossain (2000-2004),5,1,0,1,0,0,1 (0ct 1st),0.2,
Khaled Ahmed (2018-2018),2,1,1,0,0,1,1 (1ct 0st),0.5,
Talha Jubair (2002-2004),9,1,1,0,0,1,1 (1ct 0st),0.111,
Tareq Aziz (2004-2004),4,1,1,0,0,1,1 (1ct 0st),0.25,
Taskin Ahmed (2017-2017),10,1,1,0,0,1,1 (1ct 0st),0.1,
Tushar Imran (2002-2007),6,1,1,0,0,1,1 (1ct 0st),0.166,
Abu Jayed (2018-2018),5,0,0,0,0,0,0,0,
Alamgir Kabir (2002-2004),4,0,0,0,0,0,0,0,
Al-Amin Hossain (2013-2014),10,0,0,0,0,0,0,0,
Anwar Hossain (2002-2002),1,0,0,0,0,0,0,0,
Anwar Hossain Monir (2003-2005),3,0,0,0,0,0,0,0,
Ehsanul Haque (2002-2002),1,0,0,0,0,0,0,0,
Faisal Hossain (2004-2004),2,0,0,0,0,0,0,0,
Kamrul Islam Rabbi (2016-2018),13,0,0,0,0,0,0,0,
Mahbubul Alam (2008-2008),6,0,0,0,0,0,0,0,
Mohammad Shahid (2015-2015),6,0,0,0,0,0,0,0,
Nazmul Hossain (2004-2011),3,0,0,0,0,0,0,0,
Nazmul Islam (2018-2018),2,0,0,0,0,0,0,0,
Rafiqul Islam (2002-2002),1,0,0,0,0,0,0,0,
Sajedul Islam (2008-2013),5,0,0,0,0,0,0,0,
Sohrawordi Shuvo (2011-2011),2,0,0,0,0,0,0,0,
Subashis Roy (2017-2017),7,0,0,0,0,0,0,0,
Sunzamul Islam (2018-2018),1,0,0,0,0,0,0,0,
Syed Rasel (2005-2007),8,0,0,0,0,0,0,0,
Ziaur Rahman (2013-2013),2,0,0,0,0,0,0,0,
